/*--------------------------------*- C++ -*----------------------------------*\
| =========                 |                                                 |
| \\      /  F ield         | OpenFOAM: The Open Source CFD Toolbox           |
|  \\    /   O peration     | Version:  2306                                  |
|   \\  /    A nd           | Website:  www.openfoam.com                      |
|    \\/     M anipulation  |                                                 |
\*---------------------------------------------------------------------------*/
FoamFile
{
    version     2.0;
    format      ascii;
    arch        "LSB;label=32;scalar=64";
    class       labelList;
    location    "constant/polyMesh";
    object      faceProcAddressing;
}
// * * * * * * * * * * * * * * * * * * * * * * * * * * * * * * * * * * * * * //


7373
(
73
74
75
76
77
78
79
80
81
82
83
84
85
86
87
88
89
90
91
92
93
94
95
96
97
98
99
100
101
102
103
104
105
106
107
108
109
110
111
112
113
114
115
116
117
118
119
120
121
122
123
124
125
126
127
128
129
130
131
132
133
134
135
136
137
138
139
140
141
142
143
144
145
146
147
148
149
150
151
152
153
154
155
156
157
158
159
160
161
162
163
164
165
166
167
168
169
170
171
172
173
174
175
176
177
178
179
180
181
182
183
184
185
186
187
188
189
190
191
192
193
194
195
196
197
198
199
200
201
202
203
204
205
206
207
208
209
210
211
212
213
214
215
216
217
218
219
220
221
222
223
224
225
226
227
228
229
230
231
232
233
234
235
236
237
238
239
240
241
242
243
244
245
246
247
248
249
250
251
252
253
254
255
256
257
258
259
260
261
263
1371
1372
1373
1374
1375
1376
1377
1378
1379
1380
1381
1382
1383
1384
1385
1386
1387
1388
1389
1390
1391
1392
1393
1394
1395
1396
1397
1398
1399
1400
1401
1402
1403
1404
1405
1406
1407
1408
1409
1410
1411
1412
1413
1414
1415
1416
1417
1418
1419
1420
1421
1422
1423
1424
1425
1426
1427
1428
1429
1430
1431
1432
1433
1434
1435
1436
1437
1438
1439
1440
1441
1442
1443
1444
1445
1446
1447
1448
1449
1450
1451
1452
1453
1454
1455
1456
1457
1458
1459
1460
1461
1462
1463
1464
1465
1466
1467
1468
1469
1470
1471
1472
1473
1474
1475
1476
1477
1478
1479
1480
1481
1482
1483
1484
1485
1486
1487
1488
1489
1490
1491
1492
1493
1494
1495
1496
1497
1498
1499
1500
1501
1502
1503
1504
1505
1506
1507
1508
1509
1510
1511
1512
1513
1514
1515
1516
1517
1518
1519
1520
1521
1522
1523
1524
1525
1526
1527
1528
1529
1530
1531
1532
1533
1534
1535
1536
1537
1538
1539
1540
1541
1542
1543
1544
1545
1546
1547
1548
1549
1550
1551
1552
1553
1554
1555
1556
1557
1558
1559
1560
1561
1562
1563
1564
1565
1566
1567
1568
1569
1570
1571
1572
1573
1574
1575
1576
1577
1578
1580
6848
6849
6850
6851
6853
6854
6862
6863
6864
6865
6866
6867
6868
6869
6870
6871
6872
6873
6874
6875
6876
6877
6878
6879
6880
6881
6882
6883
6884
6885
6886
6887
6888
6889
6890
6891
6892
6893
6894
6895
6896
6897
6898
6899
6900
6901
6902
6903
6904
6905
6906
6907
6908
6909
6910
6911
6912
6913
6914
6915
6916
6917
6918
6919
6920
6921
6922
6923
6924
6925
6926
6927
6928
6929
6930
6931
6932
6933
6934
6935
6936
6937
6938
6939
6940
6941
6942
6943
6944
6945
6946
6947
6948
6949
6950
6951
6952
6953
6954
6955
6956
6957
6958
6959
6960
6961
6962
6963
6964
6965
6966
6967
6968
6969
6970
6971
6972
6973
6974
6975
6976
6977
6978
6979
6980
6981
6982
6983
6984
6986
6994
6995
6997
6998
7006
7007
7008
7009
7010
7011
7012
7013
7014
7015
7016
7017
7018
7019
7020
7021
7022
7023
7024
7025
7026
7027
7028
7029
7030
7031
7032
7033
7034
7035
7036
7037
7038
7039
7040
7042
7050
7051
7053
7054
7062
7063
7064
7065
7066
7067
7068
7069
7070
7071
7072
7073
7074
7075
7076
7077
7078
7079
7080
7081
7082
7083
7084
7085
7086
7087
7088
7089
7090
7091
7092
7093
7094
7095
7096
7097
7098
7099
7100
7101
7102
7103
7104
7105
7106
7107
7108
7109
7110
7111
7112
7113
7114
7115
7116
7117
7118
7119
7120
7121
7122
7123
7124
7125
7126
7127
7128
7129
7130
7131
7132
7133
7134
7135
7136
7137
7138
7139
7140
7141
7142
7143
7144
7145
7146
7147
7148
7149
7150
7151
7152
7153
7154
7155
7156
7157
7158
7159
7160
7161
7162
7163
7164
7165
7166
7167
7168
7169
7170
7171
7172
7173
7174
7175
7176
7177
7178
7179
7180
7181
7182
7183
7184
7185
7186
7187
7188
7189
7190
7191
7192
7193
7194
7195
7196
7197
7198
7199
7200
7201
7202
7203
7204
7205
7206
7207
7208
7209
7210
7211
7212
7213
7214
7215
7216
7217
7218
7219
7220
7221
7222
7223
7224
7226
7746
7747
7749
7750
7758
7759
7760
7761
7762
7763
7764
7765
7766
7767
7768
7769
7770
7771
7772
7773
7774
7775
7776
7777
7778
7779
7780
7781
7782
7783
7784
7785
7786
7787
7788
7789
7790
7791
7792
7794
7802
7803
7805
7806
7814
7815
7816
7817
7818
7819
7820
7821
7822
7823
7824
7825
7826
7827
7828
7829
7830
7831
7832
7833
7834
7835
7836
7837
7838
7839
7840
7841
7842
7843
7844
7845
7846
7847
7848
7849
7850
7851
7852
7853
7854
7855
7856
7857
7858
7859
7860
7861
7862
7863
7864
7865
7866
7867
7868
7869
7870
7871
7872
7873
7874
7875
7876
7877
7878
7879
7880
7881
7882
7883
7884
7885
7886
7887
7888
7889
7890
7891
7892
7893
7894
7895
7896
7897
7898
7899
7900
7901
7902
7903
7904
7905
7906
7907
7908
7909
7910
7911
7912
7913
7914
7915
7916
7917
7918
7919
7920
7921
7922
7923
7924
7925
7926
7927
7928
7929
7930
7931
7932
7933
7934
7935
7936
7937
7938
7939
7940
7941
7942
7943
7944
7945
7946
7947
7948
7949
7950
7951
7952
7953
7954
7955
7956
7957
7958
7959
7960
7961
7962
7963
7964
7965
7966
7967
7968
7969
7970
7971
7972
7973
7974
7975
7976
7978
7986
7987
7990
8003
8004
8005
8006
8007
8008
8009
8010
8011
8012
8014
8015
8091
8092
8093
8094
8095
8096
8097
8098
8099
8100
8102
8103
8115
8116
8117
8118
8119
8120
8121
8122
8123
8124
8126
8127
8203
8204
8205
8206
8207
8208
8209
8210
8211
8212
8213
8214
8215
8216
8217
8218
8219
8220
8221
8222
8223
8224
8225
8226
8227
8228
8229
8230
8231
8232
8233
8234
8235
8236
8237
8238
8239
8240
8241
8242
8243
8244
8245
8246
8247
8248
8249
8250
8251
8252
8253
8254
8255
8256
8257
8258
8259
8260
8261
8262
8263
8264
8265
8266
8267
8268
8269
8270
8271
8272
8273
8274
8275
8276
8277
8278
8279
8280
8281
8282
8283
8284
8285
8286
8287
8288
8289
8290
8291
8292
8293
8294
8295
8296
8297
8298
8299
8300
8301
8302
8303
8304
8305
8306
8307
8308
8309
8310
8311
8312
8313
8314
8315
8316
8317
8318
8319
8320
8321
8322
8323
8324
8325
8326
8327
8328
8329
8330
8331
8332
8333
8334
8335
8336
8337
8338
8339
8340
8341
8342
8343
8344
8345
8346
8347
8348
8349
8350
8351
8352
8353
8354
8355
8356
8357
8358
8359
8360
8361
8362
8363
8364
8365
8366
8367
8368
8369
8370
8371
8372
8373
8374
8375
8376
8377
8378
8379
8380
8381
8382
8383
8384
8385
8386
8387
8388
8389
8390
8391
8392
8393
8394
8395
8396
8397
8398
8399
8400
8401
8402
8403
8404
8405
8406
8407
8408
8409
8410
8411
8412
8413
8414
8415
8416
8417
8418
8419
8420
8421
8422
8423
8424
8425
8426
8427
8428
8429
8430
8431
8432
8433
8434
8435
8436
8437
8438
8439
8440
8441
8442
8443
8444
8445
8446
8447
8448
8449
8450
8451
8452
8453
8454
8455
8456
8457
8458
8459
8460
8461
8462
8463
8464
8465
8466
8467
8468
8469
8470
8471
8472
8473
8474
8475
8476
8477
8478
8479
8480
8481
8482
8483
8484
8485
8486
8487
8488
8489
8490
8491
8492
8493
8494
8495
8496
8497
8498
8499
8500
8501
8502
8503
8504
8505
8506
8507
8508
8509
8510
8511
8512
8513
8514
8515
8516
8517
8518
8519
8520
8521
8522
8523
8524
8525
8526
8527
8528
8529
8530
8531
8532
8533
8534
8535
8536
8537
8538
8539
8540
8541
8542
8543
8544
8545
8546
8547
8548
8549
8550
8551
8552
8553
8554
8555
8556
8557
8558
8559
8560
8561
8562
8563
8564
8565
8566
8567
8568
8569
8570
8571
8572
8573
8574
8575
8576
8577
8578
8579
8580
8581
8582
8583
8584
8585
8586
8587
8588
8589
8590
8591
8592
8593
8594
8595
8596
8597
8598
8599
8600
8601
8602
8603
8604
8605
8606
8607
8608
8609
8610
8611
8612
8613
8614
8615
8616
8617
8618
8619
8620
8621
8622
8623
8624
8625
8626
8627
8628
8629
8630
8631
8632
8633
8634
8635
8636
8637
8638
8639
8640
8641
8642
8643
8644
8645
8646
8647
8648
8649
8650
8651
8652
8653
8654
8655
8656
8657
8658
8659
8660
8661
8662
8663
8664
8665
8666
8667
8668
8669
8670
8671
8672
8673
8674
8675
8676
8677
8678
8679
8680
8681
8682
8683
8684
8685
8686
8687
8688
8689
8690
8691
8692
8693
8694
8695
8696
8697
8698
8699
8700
8701
8702
8703
8704
8705
8706
8707
8708
8709
8710
8711
8712
8713
8714
8715
8716
8717
8718
8719
8720
8721
8722
8723
8724
8725
8726
8727
8728
8729
8730
8731
8732
8733
8734
8735
8736
8737
8738
8739
8740
8741
8742
8743
8744
8745
8746
8747
8748
8749
8750
8751
8752
8753
8754
8755
8756
8757
8758
8759
8760
8761
8762
8763
8764
8765
8766
8767
8768
8769
8770
8771
8772
8773
8774
8775
8776
8777
8778
8779
8780
8781
8782
8783
8784
8785
8786
8787
8788
8789
8790
8791
8792
8793
8794
8795
8796
8797
8798
8799
8800
8801
8802
8803
8804
8805
8806
8807
8808
8809
8810
8811
8812
8813
8814
8815
8816
8817
8818
8819
8820
8821
8822
8823
8824
8825
8826
8827
8828
8829
8830
8831
8832
8833
8834
8835
8836
8837
8838
8839
8840
8841
8842
8843
8844
8845
8846
8847
8848
8849
8850
8851
8852
8853
8854
8855
8856
8857
8858
8859
8860
8861
8862
8863
8864
8865
8866
8867
8868
8869
8870
8871
8872
8873
8874
8875
8876
8877
8878
8879
8880
8881
8882
8883
8884
8885
8886
8887
8888
8889
8890
8891
8892
8893
8894
8895
8896
8897
8898
8899
8900
8901
8902
8903
8904
8905
8906
8907
8908
8909
8910
8911
8912
8913
8914
8915
8916
8917
8918
8919
8920
8921
8922
8923
8924
8925
8926
8927
8928
8929
8930
8931
8932
8933
8934
8935
8936
8937
8938
8939
8940
8941
8942
8943
8944
8945
8946
8947
8948
8949
8950
8951
8952
8953
8954
8955
8956
8957
8958
8959
8960
8961
8962
8963
8964
8965
8966
8967
8968
8969
8970
8971
8972
8973
8974
8975
8976
8977
8978
8979
8980
8981
8982
8983
8984
8985
8986
8987
8988
8989
8990
8991
8992
8993
8994
8995
8996
8997
8998
8999
9000
9001
9002
9003
9004
9005
9006
9007
9008
9009
9010
9011
9012
9013
9014
9015
9016
9017
9018
9019
9020
9021
9022
9023
9024
9025
9026
9027
9028
9029
9030
9031
9032
9033
9034
9035
9036
9037
9038
9039
9040
9041
9042
9043
9044
9045
9046
9047
9048
9049
9050
9051
9052
9053
9054
9055
9056
9057
9058
9059
9060
9061
9062
9063
9064
9065
9066
9067
9068
9069
9070
9071
9072
9073
9074
9075
9076
9077
9078
9079
9080
9081
9082
9083
9084
9085
9086
9087
9088
9089
9090
9091
9092
9093
9094
9095
9096
9097
9098
9099
9100
9101
9102
9103
9104
9105
9106
9107
9108
9109
9110
9111
9112
9113
9114
9115
9116
9117
9118
9119
9120
9121
9122
9123
9124
9125
9126
9127
9128
9129
9130
9131
9132
9133
9134
9135
9136
9137
9138
9139
9140
9141
9142
9143
9144
9145
9146
9147
9148
9149
9150
9151
9152
9153
9154
9155
9156
9157
9158
9159
9160
9161
9162
9163
9164
9165
9166
9167
9168
9169
9170
9171
9172
9173
9174
9175
9176
9177
9178
9179
9180
9181
9182
9183
9184
9185
9186
9187
9188
9189
9190
9191
9192
9193
9194
9195
9196
9197
9198
9199
9200
9201
9202
9203
9204
9205
9206
9207
9208
9209
9210
9211
9212
9213
9214
9215
9216
9217
9218
9219
9220
9221
9222
9223
9224
9225
9226
9227
9228
9229
9230
9231
9232
9233
9234
9235
9236
9237
9238
9239
9240
9241
9242
9243
9244
9245
9246
9247
9248
9249
9250
9251
9252
9253
9254
9255
9256
9257
9258
9259
9260
9261
9262
9263
9264
9265
9266
9267
9268
9269
9270
9271
9272
9273
9274
9275
9276
9277
9278
9279
9280
9281
9282
9283
9284
9285
9286
9287
9288
9289
9290
9291
9292
9293
9294
9295
9296
9297
9298
9299
9300
9302
9303
9315
9316
9317
9318
9319
9320
9321
9322
9323
9324
9326
9327
9403
9404
9405
9406
9407
9408
9409
9410
9411
9412
9414
9415
9427
9428
9429
9430
9431
9432
9433
9434
9435
9436
9437
9438
9439
9440
9444
9447
9513
9514
9515
9516
9517
9518
9519
9520
9521
9522
9523
9524
9525
9526
9527
9528
9529
9530
9531
9532
9533
9534
9535
9536
9537
9538
9539
9540
9541
9542
9543
9544
9545
9546
9547
9548
9549
9550
9551
9552
9553
9554
9555
9556
9557
9558
9559
9560
9561
9562
9563
9564
9565
9566
9567
9568
9569
9570
9571
9572
9573
9574
9575
9576
9577
9578
9579
9580
9581
9582
9583
9584
9585
9586
9587
9588
9589
9590
9591
9592
9593
9594
9595
9596
9597
9598
9599
9600
9601
9602
9603
9604
9605
9606
9607
9608
9609
9610
9611
9612
9613
9614
9615
9616
9617
9618
9619
9620
9621
9622
9623
9624
9625
9626
9627
9628
9629
9630
9631
9632
9633
9634
9635
9636
9637
9638
9639
9640
9641
9642
9643
9644
9645
9646
9647
9648
9649
9650
9651
9652
9653
9654
9655
9656
9657
9658
9659
9660
9661
9662
9663
9664
9665
9666
9667
9668
9669
9670
9671
9672
9673
9674
9675
9676
9677
9678
9679
9680
9681
9682
9683
9684
9685
9686
9687
9688
9689
9690
9691
9692
9693
9694
9695
9696
9697
9698
9699
9700
9701
9702
9703
9704
9705
9706
9707
9708
9709
9710
9711
9712
9713
9714
9715
9716
9717
9718
9719
9720
9721
9722
9723
9724
9725
9726
9727
9728
9729
9730
9731
9732
9733
9734
9735
9736
9737
9738
9739
9740
9741
9742
9743
9744
9745
9746
9747
9748
9749
9750
9751
9752
9753
9754
9755
9756
9757
9758
9759
9760
9761
9762
9763
9764
9765
9766
9767
9768
9769
9770
9771
9772
9773
9774
9775
9776
9777
9778
9779
9780
9781
9782
9783
9784
9785
9786
9788
9790
9792
9793
9795
9796
9797
9798
9799
9800
9801
9802
9803
9804
9805
9806
9807
9808
9809
9810
9812
9815
9881
9882
9883
9884
9885
9886
9887
9888
9889
9890
9891
9892
9893
9894
9895
9896
9897
9898
9900
9902
9904
9905
9907
9908
9909
9910
9911
9912
9913
9914
9915
9916
9917
9918
9919
9920
9921
9922
9924
9927
9993
9994
9995
9996
9997
9998
9999
10000
10001
10002
10003
10004
10005
10006
10007
10008
10009
10010
10011
10012
10013
10014
10015
10016
10017
10018
10019
10020
10021
10022
10023
10024
10025
10026
10027
10028
10029
10030
10031
10032
10033
10034
10035
10036
10037
10038
10039
10040
10041
10042
10043
10044
10045
10046
10047
10048
10049
10050
10051
10052
10053
10054
10055
10056
10057
10058
10059
10060
10061
10062
10063
10064
10065
10066
10067
10068
10069
10070
10071
10072
10073
10074
10075
10076
10077
10078
10079
10080
10081
10082
10083
10084
10085
10086
10087
10088
10089
10090
10091
10092
10093
10094
10095
10096
10097
10098
10099
10100
10101
10102
10103
10104
10105
10106
10107
10108
10109
10110
10111
10112
10113
10114
10115
10116
10117
10118
10119
10120
10121
10122
10123
10124
10125
10126
10127
10128
10129
10130
10131
10132
10133
10134
10135
10136
10137
10138
10139
10140
10141
10142
10143
10144
10145
10146
10147
10148
10149
10150
10151
10152
10153
10154
10155
10156
10157
10158
10159
10160
10161
10162
10163
10164
10165
10166
10167
10168
10169
10170
10171
10172
10173
10174
10175
10176
10177
10178
10179
10180
10181
10182
10183
10184
10185
10186
10187
10188
10189
10190
10191
10192
10193
10194
10195
10196
10197
10198
10199
10200
10201
10202
10203
10204
10205
10206
10207
10208
10209
10210
10211
10212
10213
10214
10215
10216
10217
10218
10219
10220
10221
10222
10223
10224
10225
10226
10227
10228
10229
10230
10231
10232
10233
10234
10235
10236
10237
10238
10239
10240
10241
10242
10243
10244
10245
10246
10247
10248
10249
10250
10251
10252
10253
10254
10255
10256
10257
10258
10259
10260
10261
10262
10263
10264
10265
10266
10267
10268
10269
10270
10271
10272
10273
10274
10275
10276
10277
10278
10279
10280
10281
10282
10283
10284
10285
10286
10287
10288
10289
10290
10291
10292
10293
10294
10295
10296
10297
10298
10299
10300
10301
10302
10303
10304
10305
10306
10307
10308
10309
10310
10311
10312
10313
10314
10315
10316
10317
10318
10319
10320
10321
10322
10323
10324
10325
10326
10327
10328
10329
10330
10331
10332
10333
10334
10335
10336
10337
10338
10339
10340
10341
10342
10343
10344
10345
10346
10347
10348
10349
10350
10351
10352
10353
10354
10355
10356
10357
10358
10359
10360
10361
10362
10363
10364
10365
10366
10367
10368
10369
10370
10371
10372
10373
10374
10375
10376
10377
10378
10379
10380
10381
10382
10383
10384
10385
10386
10387
10388
10389
10390
10391
10392
10393
10394
10395
10396
10397
10398
10399
10400
10401
10402
10403
10404
10405
10406
10407
10408
10409
10410
10411
10412
10413
10414
10415
10416
10417
10418
10419
10420
10421
10422
10423
10424
10425
10426
10427
10428
10429
10430
10431
10432
10433
10434
10435
10436
10437
10438
10439
10440
10441
10442
10443
10444
10445
10446
10447
10448
10449
10450
10451
10452
10453
10454
10455
10456
10457
10458
10459
10460
10461
10462
10463
10464
10465
10466
10467
10468
10469
10470
10471
10472
10473
10474
10475
10476
10477
10478
10479
10480
10481
10482
10483
10484
10485
10486
10487
10488
10489
10490
10491
10492
10493
10494
10495
10496
10497
10498
10499
10500
10501
10502
10503
10504
10505
10506
10507
10508
10509
10510
10511
10512
10513
10514
10515
10516
10517
10518
10519
10520
10521
10522
10523
10524
10525
10526
10527
10528
10529
10530
10531
10532
10533
10534
10535
10536
10537
10538
10539
10540
10541
10542
10543
10544
10545
10546
10547
10548
10549
10550
10551
10552
10553
10554
10555
10556
10557
10558
10559
10560
10561
10562
10563
10564
10565
10566
10567
10568
10569
10570
10571
10572
10573
10574
10575
10576
10577
10578
10579
10580
10581
10582
10583
10584
10585
10586
10587
10588
10589
10590
10591
10592
10593
10594
10595
10596
10597
10598
10599
10600
10601
10602
10603
10604
10605
10606
10607
10608
10609
10610
10611
10612
10613
10614
10615
10616
10617
10618
10619
10620
10621
10622
10623
10624
10625
10626
10627
10628
10629
10630
10631
10632
10633
10634
10635
10636
10637
10638
10639
10640
10641
10642
10643
10644
10645
10646
10647
10648
10649
10650
10651
10652
10653
10654
10655
10656
10657
10658
10659
10660
10661
10662
10663
10664
10665
10666
10667
10668
10669
10670
10671
10672
10673
10674
10675
10676
10677
10678
10679
10680
10681
10682
10683
10684
10685
10686
10687
10688
10689
10690
10691
10692
10693
10694
10695
10696
10697
10698
10699
10700
10701
10702
10703
10704
10705
10706
10707
10708
10709
10710
10711
10712
10713
10714
10715
10716
10717
10718
10719
10720
10721
10722
10723
10724
10725
10726
10727
10728
10729
10730
10731
10732
10733
10734
10735
10736
10737
10738
10739
10740
10741
10742
10743
10744
10745
10746
10747
10748
10749
10750
10751
10752
10753
10754
10755
10756
10757
10758
10759
10760
10761
10762
10763
10764
10765
10766
10767
10768
10769
10770
10771
10772
10773
10774
10775
10776
10777
10778
10779
10780
10781
10782
10783
10784
10785
10786
10787
10788
10789
10790
10791
10792
10793
10794
10795
10796
10797
10798
10799
10800
10801
10802
10803
10804
10805
10806
10807
10808
10809
10810
10811
10812
10813
10814
10815
10816
10817
10818
10819
10820
10821
10822
10823
10824
10825
10826
10827
10828
10829
10830
10831
10832
10833
10834
10835
10836
10837
10838
10839
10840
10841
10842
10843
10844
10845
10846
10847
10848
10849
10850
10851
10853
10855
10857
10858
10860
10861
10862
10863
10864
10865
10866
10867
10868
10869
10870
10871
10872
10873
10874
10875
10877
10880
10946
10947
10948
10949
10950
10951
10952
10953
10954
10955
10956
10957
10958
10959
10960
10961
10962
10963
10965
10967
10969
10970
10972
10973
10974
10975
10976
10977
10978
10979
10980
10981
10982
10983
10984
10985
10986
10987
10989
10992
11058
11059
11060
11061
11062
11063
11064
11065
11066
11067
11068
11069
11070
11071
11072
11073
11074
11075
11076
11077
11078
11079
11080
11081
11082
11083
11084
11085
11086
11087
11088
11089
11090
11091
11092
11093
11094
11095
11096
11097
11098
11099
11100
11101
11102
11103
11104
11105
11106
11107
11108
11109
11110
11111
11112
11113
11114
11115
11116
11117
11118
11119
11120
11121
11122
11123
11124
11125
11126
11127
11128
11129
11130
11131
11132
11133
11134
11135
11136
11137
11138
11139
11140
11141
11142
11143
11144
11145
11146
11147
11148
11149
11150
11151
11152
11153
11154
11155
11156
11157
11158
11159
11160
11161
11162
11163
11164
11165
11166
11167
11168
11169
11170
11171
11172
11173
11174
11175
11176
11177
11178
11179
11181
11183
11185
11186
11188
11189
11190
11191
11192
11193
11194
11195
11196
11197
16345
16346
16347
16348
16349
16350
16351
16352
16353
16354
16355
16356
16357
16358
16359
16360
16361
16362
16363
16364
16365
16366
16367
16368
16464
16465
16466
16467
16468
16469
16470
16471
16472
16473
16474
16475
16476
16477
16478
16479
16480
16481
16482
16483
16484
16485
16486
16487
16488
16490
16521
16522
16523
16524
16525
16526
16527
16528
16529
16530
16531
16532
16533
16534
16535
16536
16537
16538
16539
16540
16541
16542
16543
16544
16545
16546
16547
16548
16549
16550
16551
16552
16553
16554
16555
16556
16557
16558
16559
16560
16561
16562
16563
16564
16565
16566
16567
16568
16569
16570
16571
16572
16573
16574
16575
16576
16577
16578
16579
16580
16581
16665
16666
16669
16673
16677
16678
16679
16680
16681
16700
17107
17108
17109
17110
17111
17112
17113
17114
17115
17116
17117
17118
17119
17120
17121
17122
17123
17124
17125
17126
17127
17128
17129
17130
17131
17158
17159
17160
17161
17162
17163
17164
17165
17166
17167
17168
17169
17170
17171
17172
17173
17174
17175
17176
17177
17178
17179
17180
17181
17182
17183
17184
17185
17186
17187
17188
17189
17190
17191
17192
17193
17194
17195
17196
17197
17198
17199
17200
17201
17202
17203
17204
17205
17206
17207
17208
17209
17210
17211
17212
17213
17214
17215
17216
17217
17218
17302
17303
17306
17310
17314
17315
17316
17317
17318
17677
17678
17680
17682
17683
17685
17687
17688
17690
17692
17693
17695
17697
17698
17700
17702
17703
17705
17707
17708
17710
17712
17714
17716
17718
17720
17722
17724
17726
17728
17730
17732
17734
17736
17738
17740
17742
17744
17746
17748
17750
17752
17754
17756
17758
17760
17762
17764
17766
17768
17770
17772
17773
17775
17776
17777
17779
17780
17781
17783
17785
17786
17788
17790
17791
17793
17795
17796
17798
17800
17802
17804
17806
17808
17810
17812
17814
17816
17818
17820
17822
17824
17826
17828
17830
17832
17834
17836
17838
17840
17842
17844
17845
17847
17848
17850
17851
17853
17854
17920
17922
17924
17926
17928
17930
17932
17933
17935
17937
17938
17940
17942
17943
17945
17947
17948
17950
17952
17954
17956
17958
17960
17962
17964
17966
17968
17970
17972
17974
17976
17978
18040
18042
18044
18046
18048
18050
18052
18054
18056
18058
18060
18062
18064
18066
18068
18070
18072
18074
18076
18078
18080
18082
18084
18086
18088
18090
18092
18094
18096
18098
18100
18102
18104
18106
18108
18110
18112
18114
18116
18118
18120
18122
18124
18126
18128
18130
18132
18134
18136
18138
18140
18142
18144
18146
18148
18150
18152
18154
18156
18158
18160
18162
18164
18166
18168
18170
18172
18174
18176
18178
18180
18182
18184
18186
18188
18190
18192
18194
18196
18198
18200
18202
18204
18206
18208
18210
18212
18214
18216
18218
18220
18222
18224
18226
18228
18230
18232
18234
18236
18238
18240
18242
18244
18246
18248
18250
18252
18254
18256
18258
18260
18262
18264
18266
18268
18270
18272
18274
18276
18278
18280
18282
18284
18286
18288
18290
18292
18294
18296
18298
18300
18302
18304
18306
18308
18310
18312
18314
18316
18318
18320
18322
18324
18326
18328
18330
18332
18334
18336
18338
18340
18342
18344
18346
18348
18350
18352
18354
18356
18357
18420
18422
18424
18426
18432
18434
18436
18438
18440
18442
18444
18446
18448
18450
18456
18458
18464
18466
18468
18470
18472
18474
18476
18478
18480
18482
18548
18550
18556
18558
18560
18562
18564
18566
18568
18570
18572
18574
18580
18582
18588
18590
18592
18594
18596
18598
18600
18602
18604
18606
18608
18610
18612
18614
18616
18618
18620
18622
18624
18626
18628
18630
18632
18634
18636
18638
18640
18642
18644
18646
18648
18650
18652
18654
18656
18658
18660
18662
18664
18666
18668
18670
18672
18674
18676
18678
18680
18682
18684
18686
18688
18690
18692
18694
18696
18698
18700
18702
18704
18706
18708
18710
18712
18714
18716
18718
18720
18722
18724
18726
18728
18730
18732
18734
18736
18738
18740
18742
18744
18746
18748
18750
18752
18754
18756
18758
18760
18762
18764
18766
18768
18770
18772
18774
18776
18778
18780
18782
18784
18786
18788
18790
18792
18794
18796
18798
18800
18802
18804
18806
18808
18810
18812
18814
18816
18818
18820
18822
18824
18826
18828
18830
18832
18834
18836
18838
18840
18842
18844
18846
18848
18850
18852
18854
18856
18858
18860
18862
18864
18866
18868
18870
18872
18874
18876
18878
18880
18882
18884
18886
18888
18890
18892
18894
18896
18898
18900
18902
18904
18906
18908
18910
18912
18914
18916
18918
18920
18922
18924
18926
18928
18930
18932
18934
18936
18938
18940
18942
18944
18946
18948
18950
18952
18954
18956
18958
18960
18962
18964
18966
18968
18970
18972
18974
18976
18978
18980
18982
18984
18986
18988
18990
18992
18994
18996
18998
19000
19002
19004
19006
19008
19010
19012
19014
19016
19018
19020
19022
19024
19026
19028
19030
19032
19034
19036
19038
19040
19042
19044
19046
19048
19050
19052
19054
19056
19058
19060
19062
19064
19066
19068
19070
19072
19074
19076
19078
19080
19082
19084
19086
19088
19090
19092
19094
19096
19098
19100
19102
19104
19106
19108
19110
19112
19114
19116
19118
19120
19122
19124
19126
19128
19130
19132
19134
19136
19138
19140
19142
19144
19146
19148
19150
19152
19154
19156
19158
19160
19162
19164
19165
19167
19169
19170
19172
19174
19175
19177
19179
19180
19181
19183
19184
19186
19187
19189
19190
19192
19194
19196
19198
19200
19202
19204
19206
19208
19210
19212
19214
19216
19218
19220
19222
19224
19226
19228
19230
19232
19234
19236
19238
19240
19242
19244
19246
19248
19250
19252
19253
19255
19256
19257
19258
19260
19261
19263
19264
19266
19268
19270
19272
19274
19276
19278
19280
19282
19284
19286
19288
19290
19292
19294
19295
19297
19299
19301
19303
19304
19306
19308
19310
19312
19314
19316
19318
19320
19322
19324
19326
19328
19330
19332
19334
19336
19338
19340
19342
19344
19346
19348
19350
19352
19354
19356
19358
19360
19362
19364
19366
19368
19370
19372
19374
19376
19378
19380
19382
19384
19386
19388
19390
19392
19394
19396
19398
19400
19402
19404
19406
19408
19410
19412
19414
19416
19418
19420
19422
19424
19426
19428
19430
19432
19434
19436
19438
19440
19442
19444
19446
19448
19450
19452
19454
19456
19458
19460
19462
19464
19466
19468
19470
19472
19474
19476
19478
19480
19482
19484
19486
19488
19490
19492
19494
19496
19498
19500
19502
19504
19506
19508
19510
19512
19514
19516
19518
19520
19522
19524
19526
19528
19530
19532
19534
19536
19538
19540
19542
19544
19546
19548
19550
19552
19554
19556
19558
19560
19562
19564
19566
19568
19570
19572
19574
19576
19578
19580
19582
19583
19585
19586
19587
19589
19590
19591
19593
19595
19597
19598
19600
19602
19603
19605
19607
19609
19611
19613
19615
19617
19619
19621
19623
19624
19626
19628
19629
19631
19633
19635
19637
19639
19641
19643
19645
19647
19649
19650
19652
19653
19655
19656
19658
19659
19661
19662
19664
19731
19733
19739
19741
19743
19745
19747
19749
19751
19753
19755
19757
19763
19765
19771
19773
19775
19777
19779
19781
19783
19785
19787
19789
19859
19861
19867
19869
19871
19873
19875
19877
19879
19881
19883
19885
19891
19903
19907
19919
19921
19923
19925
19927
19929
19931
19933
19935
19937
19939
19941
19943
19945
19947
19949
19951
19953
19955
19957
19959
19961
19963
19965
19967
19969
19971
19973
19975
19977
19979
19981
19983
19985
19987
19989
19991
19993
19995
19997
19999
20001
20003
20005
20007
20009
20011
20013
20015
20017
20019
20021
20023
20025
20027
20029
20031
20033
20035
20037
20039
20041
20043
20045
20047
20049
20051
20053
20055
20057
20059
20061
20063
20065
20067
20069
20071
20073
20075
20077
20079
20083
20095
20099
20111
20113
20115
20117
20119
20121
20123
20125
20127
20129
20131
20133
20135
20137
20139
20141
20143
20147
20159
20163
20687
20689
20691
20693
20695
20697
20699
20701
20703
20705
20707
20709
20711
20713
20715
20717
20719
20721
20723
20725
20727
20729
20731
20733
20735
20737
20739
20741
20743
20745
20747
20749
20751
20753
20755
20757
20759
20761
20763
20765
20767
20769
20771
20773
20775
20777
20779
20781
20783
20785
20787
20789
20791
20793
20795
20797
20799
20801
20803
20805
20807
20809
20811
20813
20815
20817
20819
20821
20823
20825
20827
20829
20831
20833
20835
20837
20839
20841
20843
20845
20847
20851
20863
20867
20879
20881
20883
20885
20887
20889
20891
20893
20895
20897
20899
20901
20903
20905
20907
20909
20911
20915
20927
20931
20943
20945
20947
20949
20951
20953
20955
20957
20959
20961
20963
20965
20967
20969
20971
20972
20974
20975
20977
20979
20981
20983
20984
20986
20987
20989
20991
20993
20995
20997
20999
21001
21003
21004
21006
21007
21009
21010
21012
21013
21015
21017
21019
21021
21023
21025
21027
21029
21031
21033
21034
21036
21038
21040
21042
21044
21046
21050
21062
21066
21077
21079
21080
21082
21083
24092
24095
24097
24100
24170
24172
24174
24176
24178
24180
24182
24184
24186
24188
24190
24192
24194
24196
24198
24200
24202
24204
24206
24208
24210
24212
24214
24216
24218
24220
24222
24224
24226
24228
24230
24232
24234
24237
24239
24242
24244
24247
24249
24252
24254
24256
24258
24260
24262
24264
24266
24268
24270
24272
24274
24276
24278
24280
24282
24284
24286
24288
24290
24292
24294
24296
24298
24300
24302
24304
24306
24308
24310
24312
24314
24316
24318
24320
24322
24324
24326
24328
24330
24332
24334
24336
24338
24340
24342
24344
24346
24348
24350
24352
24354
24356
24358
24361
24364
24367
24370
24372
24374
24376
24378
24380
24382
24384
24454
24456
24458
24460
24462
24464
24466
24468
24470
24472
24474
24476
24478
24480
24482
24484
24486
24488
24490
24492
24494
24496
24498
24500
24502
24504
24506
24508
24510
24512
24514
24516
24582
24584
24586
24588
24590
24592
24594
24596
24598
24600
24602
24604
24606
24608
24610
24612
24614
24616
24618
24620
24622
24624
24626
24628
24630
24632
24634
24636
24638
24640
24642
24644
24646
24648
24650
24652
24654
24656
24658
24660
24662
24664
24666
24668
24670
24672
24674
24676
24678
24680
24682
24684
24686
24688
24690
24692
24694
24696
24698
24700
24702
24704
24706
24709
24711
24713
24716
24718
24720
24723
24725
24727
24730
24732
24734
24737
24739
24741
24744
24746
24748
24751
24753
24755
24758
24760
24762
24764
24766
24768
24770
24772
24774
24776
24778
24780
24782
24784
24786
24788
24790
24792
24794
24796
24798
24800
24802
24804
24806
24808
24810
24812
24814
24816
24818
24820
24822
24824
24826
24828
24830
24832
24834
24836
24838
24840
24842
24844
24846
24848
24850
24852
24854
24856
24858
24860
24862
24864
24866
24868
24870
24872
24874
24876
24878
24880
24882
24884
24886
24889
24892
24895
24898
24900
24902
24905
24907
24909
24912
24914
24917
24920
24923
24927
24930
24932
24935
24937
24939
24941
24943
24945
24947
24949
24951
24953
24955
24957
24959
24961
24963
24965
24967
24969
24971
24973
24975
24977
24979
24981
24983
24985
24987
24989
24991
24993
24995
24997
24999
25001
25003
25005
25007
25009
25011
25013
25015
25017
25019
25021
25023
25025
25027
25029
25031
25033
25035
25037
25039
25041
25043
25045
25047
25049
25051
25053
25055
25057
25059
25061
25063
25065
25068
25070
25073
25075
25078
25080
25082
25084
25086
25088
25090
25092
25094
25096
25098
25100
25102
25104
25106
25108
25110
25112
25114
25116
25118
25120
25122
25124
25126
25128
25130
25132
25134
25136
25138
25140
25142
25145
25149
25153
25156
25159
25161
25164
25166
25168
25170
25172
25174
25176
25178
25180
25182
25184
25186
25188
25190
25192
25194
25196
25198
25200
25202
25204
25206
25208
25210
25212
25214
25216
25219
25222
25225
25228
25230
25232
25234
25236
25238
25240
25242
25244
25246
25248
25250
25252
25254
25256
25258
25260
25262
25264
25266
25268
25270
25272
25274
25276
25278
25280
25282
25284
25286
25288
25290
25292
25294
25296
25298
25300
25302
25304
25306
25308
25311
25314
25317
25319
25321
25323
25325
25327
25329
25331
25333
25335
25337
25339
25341
25343
25345
25347
25349
25351
25353
25355
25357
25359
25361
25363
25365
25367
25369
25371
25373
25375
25377
25379
25381
25384
25387
25390
25393
25396
25405
25468
25469
25470
25471
25472
25473
25474
25475
25476
25477
25478
25479
25480
25481
25482
25483
25484
25485
25486
25487
25488
25489
25490
25491
25492
25519
25520
25521
25522
25523
25524
25525
25526
25527
25528
25529
25530
25531
25532
25533
25534
25535
25536
25537
25538
25539
25540
25541
25542
25543
25544
25545
25546
25547
25548
25549
25550
25551
25552
25553
25554
25555
25556
25557
25558
25559
25560
25561
25562
25563
25564
25565
25566
25567
25568
25569
25570
25571
25572
25573
25574
25575
25576
25577
25578
25579
25663
25664
25667
25671
25675
25676
25677
25678
25679
26038
26039
26041
26042
26044
26046
26047
26049
26051
26052
26054
26056
26057
26059
26061
26062
26064
26066
26067
26069
26071
26073
26075
26077
26079
26081
26083
26085
26087
26089
26091
26093
26095
26097
26099
26101
26103
26105
26107
26109
26111
26113
26115
26117
26119
26121
26123
26125
26127
26129
26131
26132
26134
26135
26137
26138
26139
26141
26142
26144
26145
26147
26149
26150
26152
26154
26155
26157
26159
26161
26163
26165
26167
26169
26171
26173
26175
26177
26179
26181
26183
26185
26187
26189
26191
26193
26195
26197
26199
26201
26203
26204
26206
26207
26209
26210
26212
26213
26215
26281
26283
26285
26287
26289
26291
26292
26294
26296
26297
26299
26301
26302
26304
26306
26307
26309
26311
26313
26315
26317
26319
26321
26323
26325
26327
26329
26331
26333
26335
26337
26339
26401
26403
26405
26407
26409
26411
26413
26415
26417
26419
26421
26423
26425
26427
26429
26431
26433
26435
26437
26439
26441
26443
26445
26447
26449
26451
26453
26455
26457
26459
26461
26463
26465
26467
26469
26471
26473
26475
26477
26479
26481
26483
26485
26487
26489
26491
26493
26495
26497
26499
26501
26503
26505
26507
26509
26511
26513
26515
26517
26519
26521
26523
26525
26527
26529
26531
26533
26535
26537
26539
26541
26543
26545
26547
26549
26551
26553
26555
26557
26559
26561
26563
26565
26567
26569
26571
26573
26575
26577
26579
26581
26583
26585
26587
26589
26591
26593
26595
26597
26599
26601
26603
26605
26607
26609
26611
26613
26615
26617
26619
26621
26623
26625
26627
26629
26631
26633
26635
26637
26639
26641
26643
26645
26647
26649
26651
26653
26655
26657
26659
26661
26663
26665
26667
26669
26671
26673
26675
26677
26679
26681
26683
26685
26687
26689
26691
26693
26695
26697
26699
26701
26703
26705
26707
26709
26711
26713
26715
26716
26718
26781
26783
26785
26787
26793
26795
26797
26799
26801
26803
26805
26807
26809
26811
26817
26819
26825
26827
26829
26831
26833
26835
26837
26839
26841
26843
26909
26911
26917
26919
26921
26923
26925
26927
26929
26931
26933
26935
26941
26943
26949
26951
26953
26955
26957
26959
26961
26963
26965
26967
26969
26971
26973
26975
26977
26979
26981
26983
26985
26987
26989
26991
26993
26995
26997
26999
27001
27003
27005
27007
27009
27011
27013
27015
27017
27019
27021
27023
27025
27027
27029
27031
27033
27035
27037
27039
27041
27043
27045
27047
27049
27051
27053
27055
27057
27059
27061
27063
27065
27067
27069
27071
27073
27075
27077
27079
27081
27083
27085
27087
27089
27091
27093
27095
27097
27099
27101
27103
27105
27107
27109
27111
27113
27115
27117
27119
27121
27123
27125
27127
27129
27131
27133
27135
27137
27139
27141
27143
27145
27147
27149
27151
27153
27155
27157
27159
27161
27163
27165
27167
27169
27171
27173
27175
27177
27179
27181
27183
27185
27187
27189
27191
27193
27195
27197
27199
27201
27203
27205
27207
27209
27211
27213
27215
27217
27219
27221
27223
27225
27227
27229
27231
27233
27235
27237
27239
27241
27243
27245
27247
27249
27251
27253
27255
27257
27259
27261
27263
27265
27267
27269
27271
27273
27275
27277
27279
27281
27283
27285
27287
27289
27291
27293
27295
27297
27299
27301
27303
27305
27307
27309
27311
27313
27315
27317
27319
27321
27323
27325
27327
27329
27331
27333
27335
27337
27339
27341
27343
27345
27347
27349
27351
27353
27355
27357
27359
27361
27363
27365
27367
27369
27371
27373
27375
27377
27379
27381
27383
27385
27387
27389
27391
27393
27395
27397
27399
27401
27403
27405
27407
27409
27411
27413
27415
27417
27419
27421
27423
27425
27427
27429
27431
27433
27435
27437
27439
27441
27443
27445
27447
27449
27451
27453
27455
27457
27459
27461
27463
27465
27467
27469
27471
27473
27475
27477
27479
27481
27483
27485
27487
27489
27491
27493
27495
27497
27499
27501
27503
27505
27507
27509
27511
27513
27515
27517
27519
27521
27523
27524
27526
27528
27529
27531
27533
27534
27536
27538
27539
27541
27542
27543
27545
27546
27548
27549
27551
27553
27555
27557
27559
27561
27563
27565
27567
27569
27571
27573
27575
27577
27579
27581
27583
27585
27587
27589
27591
27593
27595
27597
27599
27601
27603
27605
27607
27609
27611
27612
27614
27615
27617
27618
27619
27620
27622
27623
27625
27627
27629
27631
27633
27634
27636
27638
27640
27642
27644
27646
27648
27650
27652
27654
27656
27658
27659
27661
27663
27665
27667
27668
27670
27672
27674
27676
27678
27680
27682
27684
27686
27688
27690
27692
27694
27696
27698
27700
27702
27704
27706
27708
27710
27712
27714
27716
27718
27720
27722
27724
27726
27728
27730
27732
27734
27736
27738
27740
27742
27744
27746
27748
27750
27752
27754
27756
27758
27760
27762
27764
27766
27768
27770
27772
27774
27776
27778
27780
27782
27784
27786
27788
27790
27792
27794
27796
27798
27800
27802
27804
27806
27808
27810
27812
27814
27816
27818
27820
27822
27824
27826
27828
27830
27832
27834
27836
27838
27840
27842
27844
27846
27848
27850
27852
27854
27856
27858
27860
27862
27864
27866
27868
27870
27872
27874
27876
27878
27880
27882
27884
27886
27888
27890
27892
27894
27896
27898
27900
27902
27904
27906
27908
27910
27912
27914
27916
27918
27920
27922
27924
27926
27928
27930
27932
27934
27936
27938
27940
27942
27944
27945
27947
27948
27949
27951
27952
27953
27955
27957
27959
27960
27962
27964
27966
27968
27970
27972
27974
27976
27978
27980
27982
27983
27985
27987
27988
27990
27992
27994
27996
27998
28000
28002
28004
28006
28008
28009
28011
28012
28014
28015
28017
28018
28020
28021
28023
28024
28091
28093
28099
28101
28103
28105
28107
28109
28111
28113
28115
28117
28123
28125
28131
28133
28135
28137
28139
28141
28143
28145
28147
28149
28219
28221
28227
28229
28231
28233
28235
28237
28239
28241
28243
28245
28251
28263
28267
28279
28281
28283
28285
28287
28289
28291
28293
28295
28297
28299
28301
28303
28305
28307
28309
28311
28313
28315
28317
28319
28321
28323
28325
28327
28329
28331
28333
28335
28337
28339
28341
28343
28345
28347
28349
28351
28353
28355
28357
28359
28361
28363
28365
28367
28369
28371
28373
28375
28377
28379
28381
28383
28385
28387
28389
28391
28393
28395
28397
28399
28401
28403
28405
28407
28409
28411
28413
28415
28417
28419
28421
28423
28425
28427
28429
28431
28433
28435
28437
28439
28443
28455
28459
28471
28473
28475
28477
28479
28481
28483
28485
28487
28489
28491
28493
28495
28497
28499
28501
28503
28507
28519
28523
29047
29049
29051
29053
29055
29057
29059
29061
29063
29065
29067
29069
29071
29073
29075
29077
29079
29081
29083
29085
29087
29089
29091
29093
29095
29097
29099
29101
29103
29105
29107
29109
29111
29113
29115
29117
29119
29121
29123
29125
29127
29129
29131
29133
29135
29137
29139
29141
29143
29145
29147
29149
29151
29153
29155
29157
29159
29161
29163
29165
29167
29169
29171
29173
29175
29177
29179
29181
29183
29185
29187
29189
29191
29193
29195
29197
29199
29201
29203
29205
29207
29211
29223
29227
29239
29241
29243
29245
29247
29249
29251
29253
29255
29257
29259
29261
29263
29265
29267
29269
29271
29275
29287
29291
29303
29305
29307
29309
29311
29313
29315
29317
29319
29321
29323
29325
29327
29329
29331
29333
29335
29336
29338
29340
29342
29343
29345
29347
29348
29350
29352
29354
29356
29358
29360
29362
29363
29365
29366
29368
29369
29371
29372
29374
29376
29378
29380
29382
29384
29386
29388
29389
29391
29393
29395
29397
29398
29400
29402
29404
29406
29410
29422
29426
29438
29439
29441
29442
29444
32454
32456
32459
32461
32531
32533
32535
32537
32539
32541
32543
32545
32547
32549
32551
32553
32555
32557
32559
32561
32563
32565
32567
32569
32571
32573
32575
32577
32579
32581
32583
32585
32587
32589
32591
32593
32596
32598
32601
32603
32606
32608
32611
32613
32615
32617
32619
32621
32623
32625
32627
32629
32631
32633
32635
32637
32639
32641
32643
32645
32647
32649
32651
32653
32655
32657
32659
32661
32663
32665
32667
32669
32671
32673
32675
32677
32679
32681
32683
32685
32687
32689
32691
32693
32695
32697
32699
32701
32703
32705
32707
32709
32711
32713
32715
32717
32720
32723
32726
32729
32731
32733
32735
32737
32739
32741
32743
32745
32815
32817
32819
32821
32823
32825
32827
32829
32831
32833
32835
32837
32839
32841
32843
32845
32847
32849
32851
32853
32855
32857
32859
32861
32863
32865
32867
32869
32871
32873
32875
32877
32943
32945
32947
32949
32951
32953
32955
32957
32959
32961
32963
32965
32967
32969
32971
32973
32975
32977
32979
32981
32983
32985
32987
32989
32991
32993
32995
32997
32999
33001
33003
33005
33007
33009
33011
33013
33015
33017
33019
33021
33023
33025
33027
33029
33031
33033
33035
33037
33039
33041
33043
33045
33047
33049
33051
33053
33055
33057
33059
33061
33063
33065
33068
33070
33072
33075
33077
33079
33082
33084
33086
33089
33091
33093
33096
33098
33100
33103
33105
33107
33110
33112
33114
33117
33119
33121
33123
33125
33127
33129
33131
33133
33135
33137
33139
33141
33143
33145
33147
33149
33151
33153
33155
33157
33159
33161
33163
33165
33167
33169
33171
33173
33175
33177
33179
33181
33183
33185
33187
33189
33191
33193
33195
33197
33199
33201
33203
33205
33207
33209
33211
33213
33215
33217
33219
33221
33223
33225
33227
33229
33231
33233
33235
33237
33239
33241
33243
33245
33248
33251
33254
33257
33259
33261
33264
33266
33268
33271
33273
33275
33279
33281
33285
33289
33291
33294
33296
33299
33301
33303
33305
33307
33309
33311
33313
33315
33317
33319
33321
33323
33325
33327
33329
33331
33333
33335
33337
33339
33341
33343
33345
33347
33349
33351
33353
33355
33357
33359
33361
33363
33365
33367
33369
33371
33373
33375
33377
33379
33381
33383
33385
33387
33389
33391
33393
33395
33397
33399
33401
33403
33405
33407
33409
33411
33413
33415
33417
33419
33421
33423
33425
33427
33429
33432
33434
33437
33440
33442
33444
33446
33448
33450
33452
33454
33456
33458
33460
33462
33464
33466
33468
33470
33472
33474
33476
33478
33480
33482
33484
33486
33488
33490
33492
33494
33496
33498
33500
33502
33504
33507
33511
33515
33518
33520
33523
33525
33528
33530
33532
33534
33536
33538
33540
33542
33544
33546
33548
33550
33552
33554
33556
33558
33560
33562
33564
33566
33568
33570
33572
33574
33576
33578
33581
33584
33587
33590
33592
33594
33596
33598
33600
33602
33604
33606
33608
33610
33612
33614
33616
33618
33620
33622
33624
33626
33628
33630
33632
33634
33636
33638
33640
33642
33644
33646
33648
33650
33652
33654
33656
33658
33660
33662
33664
33666
33668
33670
33673
33676
33678
33680
33682
33684
33686
33688
33690
33692
33694
33696
33698
33700
33702
33704
33706
33708
33710
33712
33714
33716
33718
33720
33722
33724
33726
33728
33730
33732
33734
33736
33738
33740
33743
33746
33749
33752
33755
33758
33766
-71
-1368
7989
-8000
8013
8016
8017
-8089
8101
8104
8105
-8112
8125
8128
8129
-8201
9301
9304
9305
-9312
9325
9328
9329
-9401
9413
9416
9417
-9424
9441
-9442
9445
9446
-9511
9787
9789
9791
9794
9811
9813
9814
-9879
9899
9901
9903
9906
9923
9925
9926
-9991
10852
10854
10856
10859
10876
10878
10879
-10944
10964
10966
10968
10971
10988
10990
10991
-11056
11180
11182
11184
11187
11198
11199
16369
262
1579
-6845
-6847
6852
-6860
6985
-6992
6996
-7004
7041
-7048
7052
-7060
7225
-7744
7748
-7756
7793
-7800
7804
-7812
7977
-7984
7988
)


// ************************************************************************* //
