/*--------------------------------*- C++ -*----------------------------------*\
| =========                 |                                                 |
| \\      /  F ield         | OpenFOAM: The Open Source CFD Toolbox           |
|  \\    /   O peration     | Version:  2306                                  |
|   \\  /    A nd           | Website:  www.openfoam.com                      |
|    \\/     M anipulation  |                                                 |
\*---------------------------------------------------------------------------*/
FoamFile
{
    version     2.0;
    format      ascii;
    arch        "LSB;label=32;scalar=64";
    note        "nPoints:3834  nCells:1819  nFaces:7373  nInternalFaces:3541";
    class       labelList;
    location    "constant/polyMesh";
    object      neighbour;
}
// * * * * * * * * * * * * * * * * * * * * * * * * * * * * * * * * * * * * * //


3541
(
1
1818
2
1817
3
1816
4
1815
5
1814
6
1813
7
1812
8
1811
9
1810
10
1809
11
1808
12
1807
13
1806
14
1805
15
1804
16
1803
17
1802
18
1801
19
1800
20
1799
21
1798
22
1797
23
1796
24
1795
25
1794
26
27
1794
28
120
29
121
30
122
31
123
32
124
33
125
34
126
35
127
36
128
37
129
38
130
39
131
40
132
41
133
42
134
43
135
44
136
45
137
46
138
47
139
48
140
49
141
50
142
51
143
52
144
53
145
54
146
55
147
56
148
57
149
58
150
59
151
60
152
61
153
62
154
63
155
64
156
65
157
66
158
67
159
68
160
69
161
70
162
71
163
72
164
73
165
74
166
75
167
76
168
77
169
78
170
79
171
80
172
81
173
82
174
83
175
84
176
85
177
86
178
87
179
88
180
89
181
90
182
91
183
92
184
93
185
94
186
95
187
188
97
1793
1818
98
1790
1817
99
1789
1816
100
1770
1815
101
1769
1814
102
1766
1813
103
1765
1812
104
1746
1811
105
1745
1810
106
1742
1809
107
1741
1808
108
1530
1807
109
1529
1806
110
1526
1805
111
1525
1804
112
1506
1803
113
1505
1802
114
1502
1801
115
1501
1800
116
1482
1799
117
1481
1798
118
1478
1797
119
1476
1796
120
1477
1795
121
1794
122
1477
123
1474
124
1473
125
1462
126
1461
127
1458
128
1457
129
1318
130
1317
131
1314
132
1313
133
1302
134
1301
135
1298
136
1297
137
1286
138
1285
139
1282
140
1281
141
1270
142
1269
143
1266
144
1265
145
755
146
754
147
751
148
750
149
739
150
738
151
735
152
734
153
723
154
722
155
719
156
718
157
707
158
706
159
703
160
702
161
563
162
562
163
559
164
558
165
547
166
546
167
543
168
542
169
531
170
530
171
527
172
526
173
515
174
514
175
511
176
510
177
233
178
232
179
229
180
228
181
217
182
216
183
213
184
212
185
201
186
200
187
197
188
196
189
190
196
191
195
192
194
193
253
194
206
252
195
205
196
198
197
198
200
199
205
200
202
204
201
202
212
203
211
204
208
210
205
207
206
207
251
208
250
209
249
210
222
248
211
221
212
214
213
214
216
215
221
216
218
220
217
218
228
219
227
220
224
226
221
223
222
223
247
224
246
225
245
226
238
244
227
237
228
230
229
230
232
231
237
232
234
236
233
234
510
235
509
236
240
508
237
239
238
239
243
240
242
241
507
242
310
506
243
309
244
308
245
307
246
298
247
297
248
296
249
295
250
262
251
261
252
260
253
259
254
255
259
256
258
257
273
258
266
272
259
265
260
261
265
262
264
263
295
264
268
294
265
267
266
267
271
268
270
269
293
270
282
292
271
281
272
280
273
279
274
275
279
276
278
277
357
278
286
356
279
285
280
281
285
282
284
283
291
284
288
290
285
287
286
287
355
288
354
289
353
290
330
352
291
329
292
324
293
323
294
302
295
301
296
297
301
298
300
299
307
300
304
306
301
303
302
303
323
304
322
305
321
306
314
320
307
313
308
309
313
310
312
311
505
312
316
504
313
315
314
315
319
316
318
317
503
318
338
502
319
337
320
336
321
335
322
326
323
325
324
325
329
326
328
327
335
328
332
334
329
331
330
331
351
332
350
333
349
334
342
348
335
341
336
337
341
338
340
339
501
340
344
500
341
343
342
343
347
344
346
345
499
346
414
498
347
413
348
412
349
411
350
402
351
401
352
400
353
399
354
366
355
365
356
364
357
363
358
359
363
360
362
361
377
362
370
376
363
369
364
365
369
366
368
367
399
368
372
398
369
371
370
371
375
372
374
373
397
374
386
396
375
385
376
384
377
383
378
379
383
380
382
381
461
382
390
460
383
389
384
385
389
386
388
387
395
388
392
394
389
391
390
391
459
392
458
393
457
394
434
456
395
433
396
428
397
427
398
406
399
405
400
401
405
402
404
403
411
404
408
410
405
407
406
407
427
408
426
409
425
410
418
424
411
417
412
413
417
414
416
415
497
416
420
496
417
419
418
419
423
420
422
421
495
422
442
494
423
441
424
440
425
439
426
430
427
429
428
429
433
430
432
431
439
432
436
438
433
435
434
435
455
436
454
437
453
438
446
452
439
445
440
441
445
442
444
443
493
444
448
492
445
447
446
447
451
448
450
449
491
450
484
490
451
483
452
482
453
481
454
476
455
475
456
474
457
473
458
468
459
467
460
466
461
465
462
463
465
464
465
471
466
467
471
468
470
469
473
470
472
471
473
479
474
475
479
476
478
477
481
478
480
479
481
487
482
483
487
484
486
485
489
486
488
487
489
1039
490
1034
491
1033
492
948
493
947
494
942
495
941
496
920
497
919
498
914
499
913
500
620
501
619
502
614
503
613
504
592
505
591
506
586
507
585
508
520
509
519
510
512
511
512
514
513
519
514
516
518
515
516
526
517
525
518
522
524
519
521
520
521
585
522
584
523
583
524
536
582
525
535
526
528
527
528
530
529
535
530
532
534
531
532
542
533
541
534
538
540
535
537
536
537
581
538
580
539
579
540
552
578
541
551
542
544
543
544
546
545
551
546
548
550
547
548
558
549
557
550
554
556
551
553
552
553
577
554
576
555
575
556
568
574
557
567
558
560
559
560
562
561
567
562
564
566
563
564
702
565
701
566
570
700
567
569
568
569
573
570
572
571
699
572
656
698
573
655
574
654
575
653
576
644
577
643
578
642
579
641
580
600
581
599
582
598
583
597
584
588
585
587
586
587
591
588
590
589
597
590
594
596
591
593
592
593
613
594
612
595
611
596
604
610
597
603
598
599
603
600
602
601
641
602
606
640
603
605
604
605
609
606
608
607
639
608
628
638
609
627
610
626
611
625
612
616
613
615
614
615
619
616
618
617
625
618
622
624
619
621
620
621
913
622
912
623
911
624
632
910
625
631
626
627
631
628
630
629
637
630
634
636
631
633
632
633
909
634
908
635
907
636
676
906
637
675
638
670
639
669
640
648
641
647
642
643
647
644
646
645
653
646
650
652
647
649
648
649
669
650
668
651
667
652
660
666
653
659
654
655
659
656
658
657
697
658
662
696
659
661
660
661
665
662
664
663
695
664
684
694
665
683
666
682
667
681
668
672
669
671
670
671
675
672
674
673
681
674
678
680
675
677
676
677
905
678
904
679
903
680
688
902
681
687
682
683
687
684
686
685
693
686
690
692
687
689
688
689
901
690
900
691
899
692
812
898
693
811
694
806
695
805
696
784
697
783
698
778
699
777
700
712
701
711
702
704
703
704
706
705
711
706
708
710
707
708
718
709
717
710
714
716
711
713
712
713
777
714
776
715
775
716
728
774
717
727
718
720
719
720
722
721
727
722
724
726
723
724
734
725
733
726
730
732
727
729
728
729
773
730
772
731
771
732
744
770
733
743
734
736
735
736
738
737
743
738
740
742
739
740
750
741
749
742
746
748
743
745
744
745
769
746
768
747
767
748
760
766
749
759
750
752
751
752
754
753
759
754
756
758
755
756
1265
757
1264
758
762
1263
759
761
760
761
765
762
764
763
1262
764
848
1261
765
847
766
846
767
845
768
836
769
835
770
834
771
833
772
792
773
791
774
790
775
789
776
780
777
779
778
779
783
780
782
781
789
782
786
788
783
785
784
785
805
786
804
787
803
788
796
802
789
795
790
791
795
792
794
793
833
794
798
832
795
797
796
797
801
798
800
799
831
800
820
830
801
819
802
818
803
817
804
808
805
807
806
807
811
808
810
809
817
810
814
816
811
813
812
813
897
814
896
815
895
816
824
894
817
823
818
819
823
820
822
821
829
822
826
828
823
825
824
825
893
826
892
827
891
828
868
890
829
867
830
862
831
861
832
840
833
839
834
835
839
836
838
837
845
838
842
844
839
841
840
841
861
842
860
843
859
844
852
858
845
851
846
847
851
848
850
849
1260
850
854
1259
851
853
852
853
857
854
856
855
1258
856
876
1257
857
875
858
874
859
873
860
864
861
863
862
863
867
864
866
865
873
866
870
872
867
869
868
869
889
870
888
871
887
872
880
886
873
879
874
875
879
876
878
877
1256
878
882
1255
879
881
880
881
885
882
884
883
1254
884
1147
1253
885
1146
886
1145
887
1144
888
1135
889
1134
890
1133
891
1132
892
1091
893
1090
894
1089
895
1088
896
1079
897
1078
898
1077
899
1076
900
984
901
983
902
982
903
981
904
972
905
971
906
970
907
969
908
928
909
927
910
926
911
925
912
916
913
915
914
915
919
916
918
917
925
918
922
924
919
921
920
921
941
922
940
923
939
924
932
938
925
931
926
927
931
928
930
929
969
930
934
968
931
933
932
933
937
934
936
935
967
936
956
966
937
955
938
954
939
953
940
944
941
943
942
943
947
944
946
945
953
946
950
952
947
949
948
949
1033
950
1032
951
1031
952
960
1030
953
959
954
955
959
956
958
957
965
958
962
964
959
961
960
961
1029
962
1028
963
1027
964
1004
1026
965
1003
966
998
967
997
968
976
969
975
970
971
975
972
974
973
981
974
978
980
975
977
976
977
997
978
996
979
995
980
988
994
981
987
982
983
987
984
986
985
1076
986
990
1075
987
989
988
989
993
990
992
991
1074
992
1012
1073
993
1011
994
1010
995
1009
996
1000
997
999
998
999
1003
1000
1002
1001
1009
1002
1006
1008
1003
1005
1004
1005
1025
1006
1024
1007
1023
1008
1016
1022
1009
1015
1010
1011
1015
1012
1014
1013
1072
1014
1018
1071
1015
1017
1016
1017
1021
1018
1020
1019
1070
1020
1060
1069
1021
1059
1022
1058
1023
1057
1024
1052
1025
1051
1026
1050
1027
1049
1028
1044
1029
1043
1030
1042
1031
1041
1032
1036
1033
1035
1034
1035
1039
1036
1038
1037
1041
1038
1040
1039
1041
1047
1042
1043
1047
1044
1046
1045
1049
1046
1048
1047
1049
1055
1050
1051
1055
1052
1054
1053
1057
1054
1056
1055
1057
1063
1058
1059
1063
1060
1062
1061
1068
1062
1065
1067
1063
1064
1065
1066
1067
1203
1068
1202
1069
1197
1070
1196
1071
1111
1072
1110
1073
1105
1074
1104
1075
1083
1076
1082
1077
1078
1082
1079
1081
1080
1088
1081
1085
1087
1082
1084
1083
1084
1104
1085
1103
1086
1102
1087
1095
1101
1088
1094
1089
1090
1094
1091
1093
1092
1132
1093
1097
1131
1094
1096
1095
1096
1100
1097
1099
1098
1130
1099
1119
1129
1100
1118
1101
1117
1102
1116
1103
1107
1104
1106
1105
1106
1110
1107
1109
1108
1116
1109
1113
1115
1110
1112
1111
1112
1196
1113
1195
1114
1194
1115
1123
1193
1116
1122
1117
1118
1122
1119
1121
1120
1128
1121
1125
1127
1122
1124
1123
1124
1192
1125
1191
1126
1190
1127
1167
1189
1128
1166
1129
1161
1130
1160
1131
1139
1132
1138
1133
1134
1138
1135
1137
1136
1144
1137
1141
1143
1138
1140
1139
1140
1160
1141
1159
1142
1158
1143
1151
1157
1144
1150
1145
1146
1150
1147
1149
1148
1252
1149
1153
1251
1150
1152
1151
1152
1156
1153
1155
1154
1250
1155
1175
1249
1156
1174
1157
1173
1158
1172
1159
1163
1160
1162
1161
1162
1166
1163
1165
1164
1172
1165
1169
1171
1166
1168
1167
1168
1188
1169
1187
1170
1186
1171
1179
1185
1172
1178
1173
1174
1178
1175
1177
1176
1248
1177
1181
1247
1178
1180
1179
1180
1184
1181
1183
1182
1246
1183
1235
1245
1184
1234
1185
1233
1186
1232
1187
1223
1188
1222
1189
1221
1190
1220
1191
1211
1192
1210
1193
1209
1194
1208
1195
1199
1196
1198
1197
1198
1202
1199
1201
1200
1208
1201
1205
1207
1202
1204
1203
1204
1205
1206
1207
1215
1208
1214
1209
1210
1214
1211
1213
1212
1220
1213
1217
1219
1214
1216
1215
1216
1217
1218
1219
1227
1220
1226
1221
1222
1226
1223
1225
1224
1232
1225
1229
1231
1226
1228
1227
1228
1229
1230
1231
1239
1232
1238
1233
1234
1238
1235
1237
1236
1244
1237
1241
1243
1238
1240
1239
1240
1241
1242
1243
1678
1244
1677
1245
1672
1246
1671
1247
1586
1248
1585
1249
1580
1250
1579
1251
1558
1252
1557
1253
1552
1254
1551
1255
1375
1256
1374
1257
1369
1258
1368
1259
1347
1260
1346
1261
1341
1262
1340
1263
1275
1264
1274
1265
1267
1266
1267
1269
1268
1274
1269
1271
1273
1270
1271
1281
1272
1280
1273
1277
1279
1274
1276
1275
1276
1340
1277
1339
1278
1338
1279
1291
1337
1280
1290
1281
1283
1282
1283
1285
1284
1290
1285
1287
1289
1286
1287
1297
1288
1296
1289
1293
1295
1290
1292
1291
1292
1336
1293
1335
1294
1334
1295
1307
1333
1296
1306
1297
1299
1298
1299
1301
1300
1306
1301
1303
1305
1302
1303
1313
1304
1312
1305
1309
1311
1306
1308
1307
1308
1332
1309
1331
1310
1330
1311
1323
1329
1312
1322
1313
1315
1314
1315
1317
1316
1322
1317
1319
1321
1318
1319
1457
1320
1456
1321
1325
1455
1322
1324
1323
1324
1328
1325
1327
1326
1454
1327
1411
1453
1328
1410
1329
1409
1330
1408
1331
1399
1332
1398
1333
1397
1334
1396
1335
1355
1336
1354
1337
1353
1338
1352
1339
1343
1340
1342
1341
1342
1346
1343
1345
1344
1352
1345
1349
1351
1346
1348
1347
1348
1368
1349
1367
1350
1366
1351
1359
1365
1352
1358
1353
1354
1358
1355
1357
1356
1396
1357
1361
1395
1358
1360
1359
1360
1364
1361
1363
1362
1394
1363
1383
1393
1364
1382
1365
1381
1366
1380
1367
1371
1368
1370
1369
1370
1374
1371
1373
1372
1380
1373
1377
1379
1374
1376
1375
1376
1551
1377
1550
1378
1549
1379
1387
1548
1380
1386
1381
1382
1386
1383
1385
1384
1392
1385
1389
1391
1386
1388
1387
1388
1547
1389
1546
1390
1545
1391
1431
1544
1392
1430
1393
1425
1394
1424
1395
1403
1396
1402
1397
1398
1402
1399
1401
1400
1408
1401
1405
1407
1402
1404
1403
1404
1424
1405
1423
1406
1422
1407
1415
1421
1408
1414
1409
1410
1414
1411
1413
1412
1452
1413
1417
1451
1414
1416
1415
1416
1420
1417
1419
1418
1450
1419
1439
1449
1420
1438
1421
1437
1422
1436
1423
1427
1424
1426
1425
1426
1430
1427
1429
1428
1436
1429
1433
1435
1430
1432
1431
1432
1543
1433
1542
1434
1541
1435
1443
1540
1436
1442
1437
1438
1442
1439
1441
1440
1448
1441
1445
1447
1442
1444
1443
1444
1539
1445
1538
1446
1537
1447
1518
1536
1448
1517
1449
1512
1450
1511
1451
1494
1452
1493
1453
1488
1454
1487
1455
1467
1456
1466
1457
1459
1458
1459
1461
1460
1466
1461
1463
1465
1462
1463
1473
1464
1472
1465
1469
1471
1466
1468
1467
1468
1487
1469
1486
1470
1485
1471
1480
1484
1472
1479
1473
1475
1474
1475
1477
1476
1479
1477
1478
1479
1481
1480
1481
1483
1482
1483
1501
1484
1500
1485
1499
1486
1490
1487
1489
1488
1489
1493
1490
1492
1491
1499
1492
1496
1498
1493
1495
1494
1495
1511
1496
1510
1497
1509
1498
1504
1508
1499
1503
1500
1501
1503
1502
1503
1505
1504
1505
1507
1506
1507
1525
1508
1524
1509
1523
1510
1514
1511
1513
1512
1513
1517
1514
1516
1515
1523
1516
1520
1522
1517
1519
1518
1519
1535
1520
1534
1521
1533
1522
1528
1532
1523
1527
1524
1525
1527
1526
1527
1529
1528
1529
1531
1530
1531
1741
1532
1740
1533
1739
1534
1730
1535
1729
1536
1728
1537
1727
1538
1622
1539
1621
1540
1620
1541
1619
1542
1610
1543
1609
1544
1608
1545
1607
1546
1566
1547
1565
1548
1564
1549
1563
1550
1554
1551
1553
1552
1553
1557
1554
1556
1555
1563
1556
1560
1562
1557
1559
1558
1559
1579
1560
1578
1561
1577
1562
1570
1576
1563
1569
1564
1565
1569
1566
1568
1567
1607
1568
1572
1606
1569
1571
1570
1571
1575
1572
1574
1573
1605
1574
1594
1604
1575
1593
1576
1592
1577
1591
1578
1582
1579
1581
1580
1581
1585
1582
1584
1583
1591
1584
1588
1590
1585
1587
1586
1587
1671
1588
1670
1589
1669
1590
1598
1668
1591
1597
1592
1593
1597
1594
1596
1595
1603
1596
1600
1602
1597
1599
1598
1599
1667
1600
1666
1601
1665
1602
1642
1664
1603
1641
1604
1636
1605
1635
1606
1614
1607
1613
1608
1609
1613
1610
1612
1611
1619
1612
1616
1618
1613
1615
1614
1615
1635
1616
1634
1617
1633
1618
1626
1632
1619
1625
1620
1621
1625
1622
1624
1623
1727
1624
1628
1726
1625
1627
1626
1627
1631
1628
1630
1629
1725
1630
1650
1724
1631
1649
1632
1648
1633
1647
1634
1638
1635
1637
1636
1637
1641
1638
1640
1639
1647
1640
1644
1646
1641
1643
1642
1643
1663
1644
1662
1645
1661
1646
1654
1660
1647
1653
1648
1649
1653
1650
1652
1651
1723
1652
1656
1722
1653
1655
1654
1655
1659
1656
1658
1657
1721
1658
1710
1720
1659
1709
1660
1708
1661
1707
1662
1698
1663
1697
1664
1696
1665
1695
1666
1686
1667
1685
1668
1684
1669
1683
1670
1674
1671
1673
1672
1673
1677
1674
1676
1675
1683
1676
1680
1682
1677
1679
1678
1679
1680
1681
1682
1690
1683
1689
1684
1685
1689
1686
1688
1687
1695
1688
1692
1694
1689
1691
1690
1691
1692
1693
1694
1702
1695
1701
1696
1697
1701
1698
1700
1699
1707
1700
1704
1706
1701
1703
1702
1703
1704
1705
1706
1714
1707
1713
1708
1709
1713
1710
1712
1711
1719
1712
1716
1718
1713
1715
1714
1715
1716
1717
1718
1782
1719
1781
1720
1776
1721
1775
1722
1758
1723
1757
1724
1752
1725
1751
1726
1734
1727
1733
1728
1729
1733
1730
1732
1731
1739
1732
1736
1738
1733
1735
1734
1735
1751
1736
1750
1737
1749
1738
1744
1748
1739
1743
1740
1741
1743
1742
1743
1745
1744
1745
1747
1746
1747
1765
1748
1764
1749
1763
1750
1754
1751
1753
1752
1753
1757
1754
1756
1755
1763
1756
1760
1762
1757
1759
1758
1759
1775
1760
1774
1761
1773
1762
1768
1772
1763
1767
1764
1765
1767
1766
1767
1769
1768
1769
1771
1770
1771
1789
1772
1788
1773
1787
1774
1778
1775
1777
1776
1777
1781
1778
1780
1779
1787
1780
1784
1786
1781
1783
1782
1783
1784
1785
1786
1792
1787
1791
1788
1789
1791
1790
1791
1793
1792
1793
1795
1796
1797
1798
1799
1800
1801
1802
1803
1804
1805
1806
1807
1808
1809
1810
1811
1812
1813
1814
1815
1816
1817
1818
)


// ************************************************************************* //
