/*--------------------------------*- C++ -*----------------------------------*\
| =========                 |                                                 |
| \\      /  F ield         | OpenFOAM: The Open Source CFD Toolbox           |
|  \\    /   O peration     | Version:  2306                                  |
|   \\  /    A nd           | Website:  www.openfoam.com                      |
|    \\/     M anipulation  |                                                 |
\*---------------------------------------------------------------------------*/
FoamFile
{
    version     2.0;
    format      ascii;
    arch        "LSB;label=32;scalar=64";
    note        "nPoints:3834  nCells:1819  nFaces:7373  nInternalFaces:3541";
    class       labelList;
    location    "constant/polyMesh";
    object      owner;
}
// * * * * * * * * * * * * * * * * * * * * * * * * * * * * * * * * * * * * * //


7373
(
0
0
1
1
2
2
3
3
4
4
5
5
6
6
7
7
8
8
9
9
10
10
11
11
12
12
13
13
14
14
15
15
16
16
17
17
18
18
19
19
20
20
21
21
22
22
23
23
24
24
25
26
26
27
27
28
28
29
29
30
30
31
31
32
32
33
33
34
34
35
35
36
36
37
37
38
38
39
39
40
40
41
41
42
42
43
43
44
44
45
45
46
46
47
47
48
48
49
49
50
50
51
51
52
52
53
53
54
54
55
55
56
56
57
57
58
58
59
59
60
60
61
61
62
62
63
63
64
64
65
65
66
66
67
67
68
68
69
69
70
70
71
71
72
72
73
73
74
74
75
75
76
76
77
77
78
78
79
79
80
80
81
81
82
82
83
83
84
84
85
85
86
86
87
87
88
88
89
89
90
90
91
91
92
92
93
93
94
94
95
96
96
96
97
97
97
98
98
98
99
99
99
100
100
100
101
101
101
102
102
102
103
103
103
104
104
104
105
105
105
106
106
106
107
107
107
108
108
108
109
109
109
110
110
110
111
111
111
112
112
112
113
113
113
114
114
114
115
115
115
116
116
116
117
117
117
118
118
118
119
119
119
120
120
121
121
122
122
123
123
124
124
125
125
126
126
127
127
128
128
129
129
130
130
131
131
132
132
133
133
134
134
135
135
136
136
137
137
138
138
139
139
140
140
141
141
142
142
143
143
144
144
145
145
146
146
147
147
148
148
149
149
150
150
151
151
152
152
153
153
154
154
155
155
156
156
157
157
158
158
159
159
160
160
161
161
162
162
163
163
164
164
165
165
166
166
167
167
168
168
169
169
170
170
171
171
172
172
173
173
174
174
175
175
176
176
177
177
178
178
179
179
180
180
181
181
182
182
183
183
184
184
185
185
186
186
187
187
188
189
189
190
190
191
191
192
192
193
193
193
194
194
195
195
196
197
197
198
198
199
199
199
200
201
201
202
202
203
203
203
204
204
205
206
206
207
207
208
208
209
209
209
210
210
211
211
212
213
213
214
214
215
215
215
216
217
217
218
218
219
219
219
220
220
221
222
222
223
223
224
224
225
225
225
226
226
227
227
228
229
229
230
230
231
231
231
232
233
233
234
234
235
235
235
236
236
237
238
238
239
239
240
240
241
241
241
242
242
243
243
244
244
245
245
246
246
247
247
248
248
249
249
250
250
251
251
252
252
253
254
254
255
255
256
256
257
257
257
258
258
259
260
260
261
261
262
262
263
263
263
264
264
265
266
266
267
267
268
268
269
269
269
270
270
271
271
272
272
273
274
274
275
275
276
276
277
277
277
278
278
279
280
280
281
281
282
282
283
283
283
284
284
285
286
286
287
287
288
288
289
289
289
290
290
291
291
292
292
293
293
294
294
295
296
296
297
297
298
298
299
299
299
300
300
301
302
302
303
303
304
304
305
305
305
306
306
307
308
308
309
309
310
310
311
311
311
312
312
313
314
314
315
315
316
316
317
317
317
318
318
319
319
320
320
321
321
322
322
323
324
324
325
325
326
326
327
327
327
328
328
329
330
330
331
331
332
332
333
333
333
334
334
335
336
336
337
337
338
338
339
339
339
340
340
341
342
342
343
343
344
344
345
345
345
346
346
347
347
348
348
349
349
350
350
351
351
352
352
353
353
354
354
355
355
356
356
357
358
358
359
359
360
360
361
361
361
362
362
363
364
364
365
365
366
366
367
367
367
368
368
369
370
370
371
371
372
372
373
373
373
374
374
375
375
376
376
377
378
378
379
379
380
380
381
381
381
382
382
383
384
384
385
385
386
386
387
387
387
388
388
389
390
390
391
391
392
392
393
393
393
394
394
395
395
396
396
397
397
398
398
399
400
400
401
401
402
402
403
403
403
404
404
405
406
406
407
407
408
408
409
409
409
410
410
411
412
412
413
413
414
414
415
415
415
416
416
417
418
418
419
419
420
420
421
421
421
422
422
423
423
424
424
425
425
426
426
427
428
428
429
429
430
430
431
431
431
432
432
433
434
434
435
435
436
436
437
437
437
438
438
439
440
440
441
441
442
442
443
443
443
444
444
445
446
446
447
447
448
448
449
449
449
450
450
451
451
452
452
453
453
454
454
455
455
456
456
457
457
458
458
459
459
460
460
461
462
462
463
464
464
465
466
466
467
467
468
468
469
469
470
472
472
473
474
474
475
475
476
476
477
477
478
480
480
481
482
482
483
483
484
484
485
485
486
488
488
489
489
490
490
491
491
492
492
493
493
494
494
495
495
496
496
497
497
498
498
499
499
500
500
501
501
502
502
503
503
504
504
505
505
506
506
507
507
508
508
509
509
510
511
511
512
512
513
513
513
514
515
515
516
516
517
517
517
518
518
519
520
520
521
521
522
522
523
523
523
524
524
525
525
526
527
527
528
528
529
529
529
530
531
531
532
532
533
533
533
534
534
535
536
536
537
537
538
538
539
539
539
540
540
541
541
542
543
543
544
544
545
545
545
546
547
547
548
548
549
549
549
550
550
551
552
552
553
553
554
554
555
555
555
556
556
557
557
558
559
559
560
560
561
561
561
562
563
563
564
564
565
565
565
566
566
567
568
568
569
569
570
570
571
571
571
572
572
573
573
574
574
575
575
576
576
577
577
578
578
579
579
580
580
581
581
582
582
583
583
584
584
585
586
586
587
587
588
588
589
589
589
590
590
591
592
592
593
593
594
594
595
595
595
596
596
597
598
598
599
599
600
600
601
601
601
602
602
603
604
604
605
605
606
606
607
607
607
608
608
609
609
610
610
611
611
612
612
613
614
614
615
615
616
616
617
617
617
618
618
619
620
620
621
621
622
622
623
623
623
624
624
625
626
626
627
627
628
628
629
629
629
630
630
631
632
632
633
633
634
634
635
635
635
636
636
637
637
638
638
639
639
640
640
641
642
642
643
643
644
644
645
645
645
646
646
647
648
648
649
649
650
650
651
651
651
652
652
653
654
654
655
655
656
656
657
657
657
658
658
659
660
660
661
661
662
662
663
663
663
664
664
665
665
666
666
667
667
668
668
669
670
670
671
671
672
672
673
673
673
674
674
675
676
676
677
677
678
678
679
679
679
680
680
681
682
682
683
683
684
684
685
685
685
686
686
687
688
688
689
689
690
690
691
691
691
692
692
693
693
694
694
695
695
696
696
697
697
698
698
699
699
700
700
701
701
702
703
703
704
704
705
705
705
706
707
707
708
708
709
709
709
710
710
711
712
712
713
713
714
714
715
715
715
716
716
717
717
718
719
719
720
720
721
721
721
722
723
723
724
724
725
725
725
726
726
727
728
728
729
729
730
730
731
731
731
732
732
733
733
734
735
735
736
736
737
737
737
738
739
739
740
740
741
741
741
742
742
743
744
744
745
745
746
746
747
747
747
748
748
749
749
750
751
751
752
752
753
753
753
754
755
755
756
756
757
757
757
758
758
759
760
760
761
761
762
762
763
763
763
764
764
765
765
766
766
767
767
768
768
769
769
770
770
771
771
772
772
773
773
774
774
775
775
776
776
777
778
778
779
779
780
780
781
781
781
782
782
783
784
784
785
785
786
786
787
787
787
788
788
789
790
790
791
791
792
792
793
793
793
794
794
795
796
796
797
797
798
798
799
799
799
800
800
801
801
802
802
803
803
804
804
805
806
806
807
807
808
808
809
809
809
810
810
811
812
812
813
813
814
814
815
815
815
816
816
817
818
818
819
819
820
820
821
821
821
822
822
823
824
824
825
825
826
826
827
827
827
828
828
829
829
830
830
831
831
832
832
833
834
834
835
835
836
836
837
837
837
838
838
839
840
840
841
841
842
842
843
843
843
844
844
845
846
846
847
847
848
848
849
849
849
850
850
851
852
852
853
853
854
854
855
855
855
856
856
857
857
858
858
859
859
860
860
861
862
862
863
863
864
864
865
865
865
866
866
867
868
868
869
869
870
870
871
871
871
872
872
873
874
874
875
875
876
876
877
877
877
878
878
879
880
880
881
881
882
882
883
883
883
884
884
885
885
886
886
887
887
888
888
889
889
890
890
891
891
892
892
893
893
894
894
895
895
896
896
897
897
898
898
899
899
900
900
901
901
902
902
903
903
904
904
905
905
906
906
907
907
908
908
909
909
910
910
911
911
912
912
913
914
914
915
915
916
916
917
917
917
918
918
919
920
920
921
921
922
922
923
923
923
924
924
925
926
926
927
927
928
928
929
929
929
930
930
931
932
932
933
933
934
934
935
935
935
936
936
937
937
938
938
939
939
940
940
941
942
942
943
943
944
944
945
945
945
946
946
947
948
948
949
949
950
950
951
951
951
952
952
953
954
954
955
955
956
956
957
957
957
958
958
959
960
960
961
961
962
962
963
963
963
964
964
965
965
966
966
967
967
968
968
969
970
970
971
971
972
972
973
973
973
974
974
975
976
976
977
977
978
978
979
979
979
980
980
981
982
982
983
983
984
984
985
985
985
986
986
987
988
988
989
989
990
990
991
991
991
992
992
993
993
994
994
995
995
996
996
997
998
998
999
999
1000
1000
1001
1001
1001
1002
1002
1003
1004
1004
1005
1005
1006
1006
1007
1007
1007
1008
1008
1009
1010
1010
1011
1011
1012
1012
1013
1013
1013
1014
1014
1015
1016
1016
1017
1017
1018
1018
1019
1019
1019
1020
1020
1021
1021
1022
1022
1023
1023
1024
1024
1025
1025
1026
1026
1027
1027
1028
1028
1029
1029
1030
1030
1031
1031
1032
1032
1033
1034
1034
1035
1035
1036
1036
1037
1037
1038
1040
1040
1041
1042
1042
1043
1043
1044
1044
1045
1045
1046
1048
1048
1049
1050
1050
1051
1051
1052
1052
1053
1053
1054
1056
1056
1057
1058
1058
1059
1059
1060
1060
1061
1061
1061
1062
1062
1064
1065
1066
1066
1067
1067
1068
1068
1069
1069
1070
1070
1071
1071
1072
1072
1073
1073
1074
1074
1075
1075
1076
1077
1077
1078
1078
1079
1079
1080
1080
1080
1081
1081
1082
1083
1083
1084
1084
1085
1085
1086
1086
1086
1087
1087
1088
1089
1089
1090
1090
1091
1091
1092
1092
1092
1093
1093
1094
1095
1095
1096
1096
1097
1097
1098
1098
1098
1099
1099
1100
1100
1101
1101
1102
1102
1103
1103
1104
1105
1105
1106
1106
1107
1107
1108
1108
1108
1109
1109
1110
1111
1111
1112
1112
1113
1113
1114
1114
1114
1115
1115
1116
1117
1117
1118
1118
1119
1119
1120
1120
1120
1121
1121
1122
1123
1123
1124
1124
1125
1125
1126
1126
1126
1127
1127
1128
1128
1129
1129
1130
1130
1131
1131
1132
1133
1133
1134
1134
1135
1135
1136
1136
1136
1137
1137
1138
1139
1139
1140
1140
1141
1141
1142
1142
1142
1143
1143
1144
1145
1145
1146
1146
1147
1147
1148
1148
1148
1149
1149
1150
1151
1151
1152
1152
1153
1153
1154
1154
1154
1155
1155
1156
1156
1157
1157
1158
1158
1159
1159
1160
1161
1161
1162
1162
1163
1163
1164
1164
1164
1165
1165
1166
1167
1167
1168
1168
1169
1169
1170
1170
1170
1171
1171
1172
1173
1173
1174
1174
1175
1175
1176
1176
1176
1177
1177
1178
1179
1179
1180
1180
1181
1181
1182
1182
1182
1183
1183
1184
1184
1185
1185
1186
1186
1187
1187
1188
1188
1189
1189
1190
1190
1191
1191
1192
1192
1193
1193
1194
1194
1195
1195
1196
1197
1197
1198
1198
1199
1199
1200
1200
1200
1201
1201
1202
1203
1204
1205
1206
1206
1207
1207
1208
1209
1209
1210
1210
1211
1211
1212
1212
1212
1213
1213
1214
1215
1216
1217
1218
1218
1219
1219
1220
1221
1221
1222
1222
1223
1223
1224
1224
1224
1225
1225
1226
1227
1228
1229
1230
1230
1231
1231
1232
1233
1233
1234
1234
1235
1235
1236
1236
1236
1237
1237
1238
1239
1240
1241
1242
1242
1243
1243
1244
1244
1245
1245
1246
1246
1247
1247
1248
1248
1249
1249
1250
1250
1251
1251
1252
1252
1253
1253
1254
1254
1255
1255
1256
1256
1257
1257
1258
1258
1259
1259
1260
1260
1261
1261
1262
1262
1263
1263
1264
1264
1265
1266
1266
1267
1267
1268
1268
1268
1269
1270
1270
1271
1271
1272
1272
1272
1273
1273
1274
1275
1275
1276
1276
1277
1277
1278
1278
1278
1279
1279
1280
1280
1281
1282
1282
1283
1283
1284
1284
1284
1285
1286
1286
1287
1287
1288
1288
1288
1289
1289
1290
1291
1291
1292
1292
1293
1293
1294
1294
1294
1295
1295
1296
1296
1297
1298
1298
1299
1299
1300
1300
1300
1301
1302
1302
1303
1303
1304
1304
1304
1305
1305
1306
1307
1307
1308
1308
1309
1309
1310
1310
1310
1311
1311
1312
1312
1313
1314
1314
1315
1315
1316
1316
1316
1317
1318
1318
1319
1319
1320
1320
1320
1321
1321
1322
1323
1323
1324
1324
1325
1325
1326
1326
1326
1327
1327
1328
1328
1329
1329
1330
1330
1331
1331
1332
1332
1333
1333
1334
1334
1335
1335
1336
1336
1337
1337
1338
1338
1339
1339
1340
1341
1341
1342
1342
1343
1343
1344
1344
1344
1345
1345
1346
1347
1347
1348
1348
1349
1349
1350
1350
1350
1351
1351
1352
1353
1353
1354
1354
1355
1355
1356
1356
1356
1357
1357
1358
1359
1359
1360
1360
1361
1361
1362
1362
1362
1363
1363
1364
1364
1365
1365
1366
1366
1367
1367
1368
1369
1369
1370
1370
1371
1371
1372
1372
1372
1373
1373
1374
1375
1375
1376
1376
1377
1377
1378
1378
1378
1379
1379
1380
1381
1381
1382
1382
1383
1383
1384
1384
1384
1385
1385
1386
1387
1387
1388
1388
1389
1389
1390
1390
1390
1391
1391
1392
1392
1393
1393
1394
1394
1395
1395
1396
1397
1397
1398
1398
1399
1399
1400
1400
1400
1401
1401
1402
1403
1403
1404
1404
1405
1405
1406
1406
1406
1407
1407
1408
1409
1409
1410
1410
1411
1411
1412
1412
1412
1413
1413
1414
1415
1415
1416
1416
1417
1417
1418
1418
1418
1419
1419
1420
1420
1421
1421
1422
1422
1423
1423
1424
1425
1425
1426
1426
1427
1427
1428
1428
1428
1429
1429
1430
1431
1431
1432
1432
1433
1433
1434
1434
1434
1435
1435
1436
1437
1437
1438
1438
1439
1439
1440
1440
1440
1441
1441
1442
1443
1443
1444
1444
1445
1445
1446
1446
1446
1447
1447
1448
1448
1449
1449
1450
1450
1451
1451
1452
1452
1453
1453
1454
1454
1455
1455
1456
1456
1457
1458
1458
1459
1459
1460
1460
1460
1461
1462
1462
1463
1463
1464
1464
1464
1465
1465
1466
1467
1467
1468
1468
1469
1469
1470
1470
1470
1471
1471
1472
1472
1473
1474
1474
1475
1475
1476
1476
1478
1478
1479
1480
1480
1481
1482
1482
1483
1483
1484
1484
1485
1485
1486
1486
1487
1488
1488
1489
1489
1490
1490
1491
1491
1491
1492
1492
1493
1494
1494
1495
1495
1496
1496
1497
1497
1497
1498
1498
1499
1500
1500
1501
1502
1502
1503
1504
1504
1505
1506
1506
1507
1507
1508
1508
1509
1509
1510
1510
1511
1512
1512
1513
1513
1514
1514
1515
1515
1515
1516
1516
1517
1518
1518
1519
1519
1520
1520
1521
1521
1521
1522
1522
1523
1524
1524
1525
1526
1526
1527
1528
1528
1529
1530
1530
1531
1531
1532
1532
1533
1533
1534
1534
1535
1535
1536
1536
1537
1537
1538
1538
1539
1539
1540
1540
1541
1541
1542
1542
1543
1543
1544
1544
1545
1545
1546
1546
1547
1547
1548
1548
1549
1549
1550
1550
1551
1552
1552
1553
1553
1554
1554
1555
1555
1555
1556
1556
1557
1558
1558
1559
1559
1560
1560
1561
1561
1561
1562
1562
1563
1564
1564
1565
1565
1566
1566
1567
1567
1567
1568
1568
1569
1570
1570
1571
1571
1572
1572
1573
1573
1573
1574
1574
1575
1575
1576
1576
1577
1577
1578
1578
1579
1580
1580
1581
1581
1582
1582
1583
1583
1583
1584
1584
1585
1586
1586
1587
1587
1588
1588
1589
1589
1589
1590
1590
1591
1592
1592
1593
1593
1594
1594
1595
1595
1595
1596
1596
1597
1598
1598
1599
1599
1600
1600
1601
1601
1601
1602
1602
1603
1603
1604
1604
1605
1605
1606
1606
1607
1608
1608
1609
1609
1610
1610
1611
1611
1611
1612
1612
1613
1614
1614
1615
1615
1616
1616
1617
1617
1617
1618
1618
1619
1620
1620
1621
1621
1622
1622
1623
1623
1623
1624
1624
1625
1626
1626
1627
1627
1628
1628
1629
1629
1629
1630
1630
1631
1631
1632
1632
1633
1633
1634
1634
1635
1636
1636
1637
1637
1638
1638
1639
1639
1639
1640
1640
1641
1642
1642
1643
1643
1644
1644
1645
1645
1645
1646
1646
1647
1648
1648
1649
1649
1650
1650
1651
1651
1651
1652
1652
1653
1654
1654
1655
1655
1656
1656
1657
1657
1657
1658
1658
1659
1659
1660
1660
1661
1661
1662
1662
1663
1663
1664
1664
1665
1665
1666
1666
1667
1667
1668
1668
1669
1669
1670
1670
1671
1672
1672
1673
1673
1674
1674
1675
1675
1675
1676
1676
1677
1678
1679
1680
1681
1681
1682
1682
1683
1684
1684
1685
1685
1686
1686
1687
1687
1687
1688
1688
1689
1690
1691
1692
1693
1693
1694
1694
1695
1696
1696
1697
1697
1698
1698
1699
1699
1699
1700
1700
1701
1702
1703
1704
1705
1705
1706
1706
1707
1708
1708
1709
1709
1710
1710
1711
1711
1711
1712
1712
1713
1714
1715
1716
1717
1717
1718
1718
1719
1719
1720
1720
1721
1721
1722
1722
1723
1723
1724
1724
1725
1725
1726
1726
1727
1728
1728
1729
1729
1730
1730
1731
1731
1731
1732
1732
1733
1734
1734
1735
1735
1736
1736
1737
1737
1737
1738
1738
1739
1740
1740
1741
1742
1742
1743
1744
1744
1745
1746
1746
1747
1747
1748
1748
1749
1749
1750
1750
1751
1752
1752
1753
1753
1754
1754
1755
1755
1755
1756
1756
1757
1758
1758
1759
1759
1760
1760
1761
1761
1761
1762
1762
1763
1764
1764
1765
1766
1766
1767
1768
1768
1769
1770
1770
1771
1771
1772
1772
1773
1773
1774
1774
1775
1776
1776
1777
1777
1778
1778
1779
1779
1779
1780
1780
1781
1782
1783
1784
1785
1785
1786
1786
1787
1788
1788
1789
1790
1790
1791
1792
1794
1795
1796
1797
1798
1799
1800
1801
1802
1803
1804
1805
1806
1807
1808
1809
1810
1811
1812
1813
1814
1815
1816
1817
0
1
2
3
4
5
6
7
8
9
10
11
12
13
14
15
16
17
18
19
20
21
22
23
24
25
35
36
37
38
39
40
41
42
43
44
45
46
47
48
49
50
51
52
53
54
55
56
57
58
59
60
61
62
63
64
65
66
67
68
69
70
71
72
73
74
75
76
77
78
79
80
81
82
83
84
85
86
87
88
89
90
91
92
93
94
95
26
27
28
29
30
31
32
33
34
25
0
1
2
3
4
5
6
7
8
9
10
11
12
13
14
15
16
17
18
19
20
21
22
23
24
35
36
37
38
39
40
41
42
43
44
45
46
47
48
49
50
51
52
53
54
55
56
57
58
59
60
61
62
63
64
65
66
67
68
69
70
71
72
73
74
75
76
77
78
79
80
81
82
83
84
85
86
87
88
89
90
91
92
93
94
95
26
27
28
29
30
31
32
33
34
1352
1336
1337
1349
1348
1344
1345
1347
1258
1346
1259
1343
1342
1338
1339
1341
1260
1340
1261
1325
1324
1320
1321
1323
1310
1322
1311
1319
1316
1318
1317
1315
1312
1314
1313
1309
1308
1304
1305
1307
1294
1306
1295
1303
1300
1302
1301
1299
1296
1298
1297
128
129
130
131
132
133
134
135
1293
1292
1288
1289
1291
1278
1290
1279
1287
1284
1286
1285
1283
1280
1282
1281
1277
1276
1272
1273
1275
1262
1274
1263
1271
1268
1270
1269
1267
1264
1266
1265
136
137
138
139
140
141
142
143
1241
1240
1236
1237
1239
1230
1238
1231
1235
1234
1182
1183
1233
1232
1184
1185
1229
1228
1224
1225
1227
1218
1226
1219
1223
1222
1186
1187
1221
1220
1188
1189
1217
1216
1212
1213
1215
1206
1214
1207
1211
1210
1190
1191
1209
1208
1192
1193
1205
1204
1200
1201
1203
1066
1202
1067
1199
1198
1194
1195
1197
1068
1196
1069
1181
1180
1176
1177
1179
1170
1178
1171
1175
1174
1154
1155
1173
1172
1156
1157
1169
1168
1164
1165
1167
1126
1166
1127
1163
1162
1158
1159
1161
1128
1160
1129
1153
1152
1148
1149
1151
1142
1150
1143
1147
1146
883
884
1145
1144
885
886
1141
1140
1136
1137
1139
1130
1138
1131
1135
1134
887
888
1133
1132
889
890
1125
1124
1120
1121
1123
1114
1122
1115
1119
1118
1098
1099
1117
1116
1100
1101
1113
1112
1108
1109
1111
1070
1110
1071
1107
1106
1102
1103
1105
1072
1104
1073
1097
1096
1092
1093
1095
1086
1094
1087
1091
1090
891
892
1089
1088
893
894
1085
1084
1080
1081
1083
1074
1082
1075
1079
1078
895
896
1077
1076
897
898
1065
1064
1061
1062
1063
1056
1060
1059
1019
1020
1058
1057
1021
1022
1053
1054
1055
1048
1052
1051
1023
1024
1050
1049
1025
1026
1045
1046
1047
1040
1044
1043
1027
1028
1042
1041
1029
1030
1037
1038
1039
488
1036
1035
1031
1032
1034
489
1033
490
1018
1017
1013
1014
1016
1007
1015
1008
1012
1011
991
992
1010
1009
993
994
1006
1005
1001
1002
1004
963
1003
964
1000
999
995
996
998
965
997
966
990
989
985
986
988
979
987
980
984
983
899
900
982
981
901
902
978
977
973
974
976
967
975
968
972
971
903
904
970
969
905
906
962
961
957
958
960
951
959
952
956
955
935
936
954
953
937
938
950
949
945
946
948
491
947
492
944
943
939
940
942
493
941
494
934
933
929
930
932
923
931
924
928
927
907
908
926
925
909
910
922
921
917
918
920
495
919
496
916
915
911
912
914
497
913
498
882
881
877
878
880
871
879
872
876
875
855
856
874
873
857
858
870
869
865
866
868
827
867
828
864
863
859
860
862
829
861
830
854
853
849
850
852
843
851
844
848
847
763
764
846
845
765
766
842
841
837
838
840
831
839
832
836
835
767
768
834
833
769
770
826
825
821
822
824
815
823
816
820
819
799
800
818
817
801
802
814
813
809
810
812
691
811
692
808
807
803
804
806
693
805
694
798
797
793
794
796
787
795
788
792
791
771
772
790
789
773
774
786
785
781
782
784
695
783
696
780
779
775
776
778
697
777
698
762
761
757
758
760
747
759
748
756
753
755
754
752
749
751
750
746
745
741
742
744
731
743
732
740
737
739
738
736
733
735
734
144
145
146
147
148
149
150
151
730
729
725
726
728
715
727
716
724
721
723
722
720
717
719
718
714
713
709
710
712
699
711
700
708
705
707
706
704
701
703
702
152
153
154
155
156
157
158
159
690
689
685
686
688
679
687
680
684
683
663
664
682
681
665
666
678
677
673
674
676
635
675
636
672
671
667
668
670
637
669
638
662
661
657
658
660
651
659
652
656
655
571
572
654
653
573
574
650
649
645
646
648
639
647
640
644
643
575
576
642
641
577
578
634
633
629
630
632
623
631
624
628
627
607
608
626
625
609
610
622
621
617
618
620
499
619
500
616
615
611
612
614
501
613
502
606
605
601
602
604
595
603
596
600
599
579
580
598
597
581
582
594
593
589
590
592
503
591
504
588
587
583
584
586
505
585
506
570
569
565
566
568
555
567
556
564
561
563
562
560
557
559
558
554
553
549
550
552
539
551
540
548
545
547
546
544
541
543
542
160
161
162
163
164
165
166
167
538
537
533
534
536
523
535
524
532
529
531
530
528
525
527
526
522
521
517
518
520
507
519
508
516
513
515
514
512
509
511
510
168
169
170
171
172
173
174
175
485
486
487
480
484
483
449
450
482
481
451
452
477
478
479
472
476
475
453
454
474
473
455
456
469
470
471
464
468
467
457
458
466
465
459
460
463
462
461
448
447
443
444
446
437
445
438
442
441
421
422
440
439
423
424
436
435
431
432
434
393
433
394
430
429
425
426
428
395
427
396
420
419
415
416
418
409
417
410
414
413
345
346
412
411
347
348
408
407
403
404
406
397
405
398
402
401
349
350
400
399
351
352
392
391
387
388
390
381
389
382
386
385
373
374
384
383
375
376
380
379
378
377
372
371
367
368
370
361
369
362
366
365
353
354
364
363
355
356
360
359
358
357
344
343
339
340
342
333
341
334
338
337
317
318
336
335
319
320
332
331
327
328
330
289
329
290
326
325
321
322
324
291
323
292
316
315
311
312
314
305
313
306
310
309
241
242
308
307
243
244
304
303
299
300
302
293
301
294
298
297
245
246
296
295
247
248
288
287
283
284
286
277
285
278
282
281
269
270
280
279
271
272
276
275
274
273
268
267
263
264
266
257
265
258
262
261
249
250
260
259
251
252
256
255
254
253
240
239
235
236
238
225
237
226
234
231
233
232
230
227
229
228
224
223
219
220
222
209
221
210
218
215
217
216
214
211
213
212
176
177
178
179
180
181
182
183
208
207
203
204
206
193
205
194
202
199
201
200
198
195
197
196
192
191
190
189
184
185
186
187
188
1818
1817
1816
1815
96
1793
97
1790
1792
1785
1791
1786
98
1789
99
1770
1788
1787
1771
1772
1784
1783
1779
1780
1782
1717
1781
1718
1778
1777
1773
1774
1776
1719
1775
1720
1814
1813
1812
1811
1810
1809
1808
1807
100
1769
101
1766
1768
1761
1767
1762
102
1765
103
1746
1764
1763
1747
1748
1760
1759
1755
1756
1758
1721
1757
1722
1754
1753
1749
1750
1752
1723
1751
1724
104
1745
105
1742
1744
1737
1743
1738
106
1741
107
1530
1740
1739
1531
1532
1736
1735
1731
1732
1734
1725
1733
1726
1730
1729
1533
1534
1728
1727
1535
1536
1716
1715
1711
1712
1714
1705
1713
1706
1710
1709
1657
1658
1708
1707
1659
1660
1704
1703
1699
1700
1702
1693
1701
1694
1698
1697
1661
1662
1696
1695
1663
1664
1692
1691
1687
1688
1690
1681
1689
1682
1686
1685
1665
1666
1684
1683
1667
1668
1680
1679
1675
1676
1678
1242
1677
1243
1674
1673
1669
1670
1672
1244
1671
1245
1656
1655
1651
1652
1654
1645
1653
1646
1650
1649
1629
1630
1648
1647
1631
1632
1644
1643
1639
1640
1642
1601
1641
1602
1638
1637
1633
1634
1636
1603
1635
1604
1628
1627
1623
1624
1626
1617
1625
1618
1622
1621
1537
1538
1620
1619
1539
1540
1616
1615
1611
1612
1614
1605
1613
1606
1610
1609
1541
1542
1608
1607
1543
1544
1600
1599
1595
1596
1598
1589
1597
1590
1594
1593
1573
1574
1592
1591
1575
1576
1588
1587
1583
1584
1586
1246
1585
1247
1582
1581
1577
1578
1580
1248
1579
1249
1572
1571
1567
1568
1570
1561
1569
1562
1566
1565
1545
1546
1564
1563
1547
1548
1560
1559
1555
1556
1558
1250
1557
1251
1554
1553
1549
1550
1552
1252
1551
1253
1806
1805
1804
1803
1802
1801
1800
1799
108
1529
109
1526
1528
1521
1527
1522
110
1525
111
1506
1524
1523
1507
1508
1520
1519
1515
1516
1518
1446
1517
1447
1514
1513
1509
1510
1512
1448
1511
1449
112
1505
113
1502
1504
1497
1503
1498
114
1501
115
1482
1500
1499
1483
1484
1496
1495
1491
1492
1494
1450
1493
1451
1490
1489
1485
1486
1488
1452
1487
1453
1798
1797
1796
1795
1794
116
1481
117
1478
1480
1470
1479
1471
118
1476
119
1477
1475
1472
1474
1473
1469
1468
1464
1465
1467
1454
1466
1455
1463
1460
1462
1461
1459
1456
1458
1457
120
121
122
123
124
125
126
127
1445
1444
1440
1441
1443
1434
1442
1435
1439
1438
1418
1419
1437
1436
1420
1421
1433
1432
1428
1429
1431
1390
1430
1391
1427
1426
1422
1423
1425
1392
1424
1393
1417
1416
1412
1413
1415
1406
1414
1407
1411
1410
1326
1327
1409
1408
1328
1329
1405
1404
1400
1401
1403
1394
1402
1395
1399
1398
1330
1331
1397
1396
1332
1333
1389
1388
1384
1385
1387
1378
1386
1379
1383
1382
1362
1363
1381
1380
1364
1365
1377
1376
1372
1373
1375
1254
1374
1255
1371
1370
1366
1367
1369
1256
1368
1257
1361
1360
1356
1357
1359
1350
1358
1351
1355
1354
1334
1335
1353
25
0
1
2
3
4
5
6
7
8
9
10
11
12
13
14
15
16
17
18
19
20
21
22
23
24
35
36
37
38
39
40
41
42
43
44
45
46
47
48
49
50
51
52
53
54
55
56
57
58
59
60
61
62
63
64
65
66
67
68
69
70
71
72
73
74
75
76
77
78
79
80
81
82
83
84
85
86
87
88
89
90
91
92
93
94
95
26
27
28
29
30
31
32
33
34
1352
1336
1337
1349
1348
1344
1345
1347
1258
1346
1259
1343
1342
1338
1339
1341
1260
1340
1261
1325
1324
1320
1321
1323
1310
1322
1311
1319
1316
1318
1317
1315
1312
1314
1313
1309
1308
1304
1305
1307
1294
1306
1295
1303
1300
1302
1301
1299
1296
1298
1297
128
129
130
131
132
133
134
135
1293
1292
1288
1289
1291
1278
1290
1279
1287
1284
1286
1285
1283
1280
1282
1281
1277
1276
1272
1273
1275
1262
1274
1263
1271
1268
1270
1269
1267
1264
1266
1265
136
137
138
139
140
141
142
143
1241
1240
1236
1237
1239
1230
1238
1231
1235
1234
1182
1183
1233
1232
1184
1185
1229
1228
1224
1225
1227
1218
1226
1219
1223
1222
1186
1187
1221
1220
1188
1189
1217
1216
1212
1213
1215
1206
1214
1207
1211
1210
1190
1191
1209
1208
1192
1193
1205
1204
1200
1201
1203
1066
1202
1067
1199
1198
1194
1195
1197
1068
1196
1069
1181
1180
1176
1177
1179
1170
1178
1171
1175
1174
1154
1155
1173
1172
1156
1157
1169
1168
1164
1165
1167
1126
1166
1127
1163
1162
1158
1159
1161
1128
1160
1129
1153
1152
1148
1149
1151
1142
1150
1143
1147
1146
883
884
1145
1144
885
886
1141
1140
1136
1137
1139
1130
1138
1131
1135
1134
887
888
1133
1132
889
890
1125
1124
1120
1121
1123
1114
1122
1115
1119
1118
1098
1099
1117
1116
1100
1101
1113
1112
1108
1109
1111
1070
1110
1071
1107
1106
1102
1103
1105
1072
1104
1073
1097
1096
1092
1093
1095
1086
1094
1087
1091
1090
891
892
1089
1088
893
894
1085
1084
1080
1081
1083
1074
1082
1075
1079
1078
895
896
1077
1076
897
898
1065
1064
1061
1062
1063
1056
1060
1059
1019
1020
1058
1057
1021
1022
1053
1054
1055
1048
1052
1051
1023
1024
1050
1049
1025
1026
1045
1046
1047
1040
1044
1043
1027
1028
1042
1041
1029
1030
1037
1038
1039
488
1036
1035
1031
1032
1034
489
1033
490
1018
1017
1013
1014
1016
1007
1015
1008
1012
1011
991
992
1010
1009
993
994
1006
1005
1001
1002
1004
963
1003
964
1000
999
995
996
998
965
997
966
990
989
985
986
988
979
987
980
984
983
899
900
982
981
901
902
978
977
973
974
976
967
975
968
972
971
903
904
970
969
905
906
962
961
957
958
960
951
959
952
956
955
935
936
954
953
937
938
950
949
945
946
948
491
947
492
944
943
939
940
942
493
941
494
934
933
929
930
932
923
931
924
928
927
907
908
926
925
909
910
922
921
917
918
920
495
919
496
916
915
911
912
914
497
913
498
882
881
877
878
880
871
879
872
876
875
855
856
874
873
857
858
870
869
865
866
868
827
867
828
864
863
859
860
862
829
861
830
854
853
849
850
852
843
851
844
848
847
763
764
846
845
765
766
842
841
837
838
840
831
839
832
836
835
767
768
834
833
769
770
826
825
821
822
824
815
823
816
820
819
799
800
818
817
801
802
814
813
809
810
812
691
811
692
808
807
803
804
806
693
805
694
798
797
793
794
796
787
795
788
792
791
771
772
790
789
773
774
786
785
781
782
784
695
783
696
780
779
775
776
778
697
777
698
762
761
757
758
760
747
759
748
756
753
755
754
752
749
751
750
746
745
741
742
744
731
743
732
740
737
739
738
736
733
735
734
144
145
146
147
148
149
150
151
730
729
725
726
728
715
727
716
724
721
723
722
720
717
719
718
714
713
709
710
712
699
711
700
708
705
707
706
704
701
703
702
152
153
154
155
156
157
158
159
690
689
685
686
688
679
687
680
684
683
663
664
682
681
665
666
678
677
673
674
676
635
675
636
672
671
667
668
670
637
669
638
662
661
657
658
660
651
659
652
656
655
571
572
654
653
573
574
650
649
645
646
648
639
647
640
644
643
575
576
642
641
577
578
634
633
629
630
632
623
631
624
628
627
607
608
626
625
609
610
622
621
617
618
620
499
619
500
616
615
611
612
614
501
613
502
606
605
601
602
604
595
603
596
600
599
579
580
598
597
581
582
594
593
589
590
592
503
591
504
588
587
583
584
586
505
585
506
570
569
565
566
568
555
567
556
564
561
563
562
560
557
559
558
554
553
549
550
552
539
551
540
548
545
547
546
544
541
543
542
160
161
162
163
164
165
166
167
538
537
533
534
536
523
535
524
532
529
531
530
528
525
527
526
522
521
517
518
520
507
519
508
516
513
515
514
512
509
511
510
168
169
170
171
172
173
174
175
485
486
487
480
484
483
449
450
482
481
451
452
477
478
479
472
476
475
453
454
474
473
455
456
469
470
471
464
468
467
457
458
466
465
459
460
463
462
461
448
447
443
444
446
437
445
438
442
441
421
422
440
439
423
424
436
435
431
432
434
393
433
394
430
429
425
426
428
395
427
396
420
419
415
416
418
409
417
410
414
413
345
346
412
411
347
348
408
407
403
404
406
397
405
398
402
401
349
350
400
399
351
352
392
391
387
388
390
381
389
382
386
385
373
374
384
383
375
376
380
379
378
377
372
371
367
368
370
361
369
362
366
365
353
354
364
363
355
356
360
359
358
357
344
343
339
340
342
333
341
334
338
337
317
318
336
335
319
320
332
331
327
328
330
289
329
290
326
325
321
322
324
291
323
292
316
315
311
312
314
305
313
306
310
309
241
242
308
307
243
244
304
303
299
300
302
293
301
294
298
297
245
246
296
295
247
248
288
287
283
284
286
277
285
278
282
281
269
270
280
279
271
272
276
275
274
273
268
267
263
264
266
257
265
258
262
261
249
250
260
259
251
252
256
255
254
253
240
239
235
236
238
225
237
226
234
231
233
232
230
227
229
228
224
223
219
220
222
209
221
210
218
215
217
216
214
211
213
212
176
177
178
179
180
181
182
183
208
207
203
204
206
193
205
194
202
199
201
200
198
195
197
196
192
191
190
189
184
185
186
187
188
1818
1817
1816
1815
96
1793
97
1790
1792
1785
1791
1786
98
1789
99
1770
1788
1787
1771
1772
1784
1783
1779
1780
1782
1717
1781
1718
1778
1777
1773
1774
1776
1719
1775
1720
1814
1813
1812
1811
1810
1809
1808
1807
100
1769
101
1766
1768
1761
1767
1762
102
1765
103
1746
1764
1763
1747
1748
1760
1759
1755
1756
1758
1721
1757
1722
1754
1753
1749
1750
1752
1723
1751
1724
104
1745
105
1742
1744
1737
1743
1738
106
1741
107
1530
1740
1739
1531
1532
1736
1735
1731
1732
1734
1725
1733
1726
1730
1729
1533
1534
1728
1727
1535
1536
1716
1715
1711
1712
1714
1705
1713
1706
1710
1709
1657
1658
1708
1707
1659
1660
1704
1703
1699
1700
1702
1693
1701
1694
1698
1697
1661
1662
1696
1695
1663
1664
1692
1691
1687
1688
1690
1681
1689
1682
1686
1685
1665
1666
1684
1683
1667
1668
1680
1679
1675
1676
1678
1242
1677
1243
1674
1673
1669
1670
1672
1244
1671
1245
1656
1655
1651
1652
1654
1645
1653
1646
1650
1649
1629
1630
1648
1647
1631
1632
1644
1643
1639
1640
1642
1601
1641
1602
1638
1637
1633
1634
1636
1603
1635
1604
1628
1627
1623
1624
1626
1617
1625
1618
1622
1621
1537
1538
1620
1619
1539
1540
1616
1615
1611
1612
1614
1605
1613
1606
1610
1609
1541
1542
1608
1607
1543
1544
1600
1599
1595
1596
1598
1589
1597
1590
1594
1593
1573
1574
1592
1591
1575
1576
1588
1587
1583
1584
1586
1246
1585
1247
1582
1581
1577
1578
1580
1248
1579
1249
1572
1571
1567
1568
1570
1561
1569
1562
1566
1565
1545
1546
1564
1563
1547
1548
1560
1559
1555
1556
1558
1250
1557
1251
1554
1553
1549
1550
1552
1252
1551
1253
1806
1805
1804
1803
1802
1801
1800
1799
108
1529
109
1526
1528
1521
1527
1522
110
1525
111
1506
1524
1523
1507
1508
1520
1519
1515
1516
1518
1446
1517
1447
1514
1513
1509
1510
1512
1448
1511
1449
112
1505
113
1502
1504
1497
1503
1498
114
1501
115
1482
1500
1499
1483
1484
1496
1495
1491
1492
1494
1450
1493
1451
1490
1489
1485
1486
1488
1452
1487
1453
1798
1797
1796
1795
1794
116
1481
117
1478
1480
1470
1479
1471
118
1476
119
1477
1475
1472
1474
1473
1469
1468
1464
1465
1467
1454
1466
1455
1463
1460
1462
1461
1459
1456
1458
1457
120
121
122
123
124
125
126
127
1445
1444
1440
1441
1443
1434
1442
1435
1439
1438
1418
1419
1437
1436
1420
1421
1433
1432
1428
1429
1431
1390
1430
1391
1427
1426
1422
1423
1425
1392
1424
1393
1417
1416
1412
1413
1415
1406
1414
1407
1411
1410
1326
1327
1409
1408
1328
1329
1405
1404
1400
1401
1403
1394
1402
1395
1399
1398
1330
1331
1397
1396
1332
1333
1389
1388
1384
1385
1387
1378
1386
1379
1383
1382
1362
1363
1381
1380
1364
1365
1377
1376
1372
1373
1375
1254
1374
1255
1371
1370
1366
1367
1369
1256
1368
1257
1361
1360
1356
1357
1359
1350
1358
1351
1355
1354
1334
1335
1353
25
0
96
463
464
469
470
471
472
477
478
479
480
485
486
487
488
1037
1038
1039
1040
1045
1046
1047
1048
1053
1054
1055
1056
1063
1064
1064
1065
1066
1203
1204
1205
1206
1215
1216
1217
1218
1227
1228
1229
1230
1239
1240
1241
1242
1678
1679
1680
1681
1690
1691
1692
1693
1702
1703
1704
1705
1714
1715
1716
1717
1782
1783
1784
1785
1792
1793
1818
95
188
190
189
191
192
253
254
255
256
273
274
275
276
357
358
359
360
377
378
379
380
461
462
463
)


// ************************************************************************* //
