/*--------------------------------*- C++ -*----------------------------------*\
| =========                 |                                                 |
| \\      /  F ield         | OpenFOAM: The Open Source CFD Toolbox           |
|  \\    /   O peration     | Version:  2306                                  |
|   \\  /    A nd           | Website:  www.openfoam.com                      |
|    \\/     M anipulation  |                                                 |
\*---------------------------------------------------------------------------*/
FoamFile
{
    version     2.0;
    format      ascii;
    arch        "LSB;label=32;scalar=64";
    class       vectorField;
    location    "constant/polyMesh";
    object      points;
}
// * * * * * * * * * * * * * * * * * * * * * * * * * * * * * * * * * * * * * //


3834
(
(0.0065 0.025 -0.01)
(0.0065 0.025 0)
(0.007 0.025 -0.01)
(0.007 0.025 0)
(0.0075 0.0235 -0.01)
(0.0075 0.0235 0)
(0.008 0.0235 -0.01)
(0.008 0.0235 0)
(0.0075 0.024 -0.01)
(0.0075 0.024 0)
(0.008 0.024 -0.01)
(0.008 0.024 0)
(0.0085 0.0235 -0.01)
(0.0085 0.0235 0)
(0.009 0.0235 -0.01)
(0.009 0.0235 0)
(0.0085 0.024 -0.01)
(0.0085 0.024 0)
(0.009 0.024 -0.01)
(0.009 0.024 0)
(0.0075 0.0245 -0.01)
(0.0075 0.0245 0)
(0.008 0.0245 -0.01)
(0.008 0.0245 0)
(0.0075 0.025 -0.01)
(0.0075 0.025 0)
(0.008 0.025 -0.01)
(0.008 0.025 0)
(0.0085 0.0245 -0.01)
(0.0085 0.0245 0)
(0.009 0.0245 -0.01)
(0.009 0.0245 0)
(0.0085 0.025 -0.01)
(0.0085 0.025 0)
(0.009 0.025 -0.01)
(0.009 0.025 0)
(0.0055 0.0255001 -0.01)
(0.0055 0.0255001 0)
(0.006 0.0255001 -0.01)
(0.006 0.0255001 0)
(0.0055 0.0260005 -0.01)
(0.0055 0.0260005 0)
(0.006 0.0260005 -0.01)
(0.006 0.0260005 0)
(0.0065 0.0255001 -0.01)
(0.0065 0.0255001 0)
(0.007 0.0255001 -0.01)
(0.007 0.0255001 0)
(0.0065 0.0260005 -0.01)
(0.0065 0.0260005 0)
(0.007 0.0260005 -0.01)
(0.007 0.0260005 0)
(0.0055 0.0265023 -0.01)
(0.0055 0.0265023 0)
(0.006 0.0265023 -0.01)
(0.006 0.0265023 0)
(0.00549999 0.0270086 -0.01)
(0.00549999 0.0270086 0)
(0.006 0.0270086 -0.01)
(0.006 0.0270086 0)
(0.0065 0.0265023 -0.01)
(0.0065 0.0265023 0)
(0.007 0.0265023 -0.01)
(0.007 0.0265023 0)
(0.0065 0.0270086 -0.01)
(0.0065 0.0270086 0)
(0.007 0.0270086 -0.01)
(0.007 0.0270086 0)
(0.0075 0.0255001 -0.01)
(0.0075 0.0255001 0)
(0.008 0.0255001 -0.01)
(0.008 0.0255001 0)
(0.0075 0.0260005 -0.01)
(0.0075 0.0260005 0)
(0.008 0.0260005 -0.01)
(0.008 0.0260005 0)
(0.0085 0.0255001 -0.01)
(0.0085 0.0255001 0)
(0.009 0.0255001 -0.01)
(0.009 0.0255001 0)
(0.0085 0.0260005 -0.01)
(0.0085 0.0260005 0)
(0.009 0.0260005 -0.01)
(0.009 0.0260005 0)
(0.0075 0.0265023 -0.01)
(0.0075 0.0265023 0)
(0.008 0.0265023 -0.01)
(0.008 0.0265023 0)
(0.0075 0.0270086 -0.01)
(0.0075 0.0270086 0)
(0.008 0.0270086 -0.01)
(0.008 0.0270086 0)
(0.0085 0.0265023 -0.01)
(0.0085 0.0265023 0)
(0.009 0.0265023 -0.01)
(0.009 0.0265023 0)
(0.0085 0.0270086 -0.01)
(0.0085 0.0270086 0)
(0.009 0.0270086 -0.01)
(0.009 0.0270086 0)
(0.0095 0.0235 -0.01)
(0.0095 0.0235 0)
(0.01 0.0235 -0.01)
(0.01 0.0235 0)
(0.0095 0.024 -0.01)
(0.0095 0.024 0)
(0.01 0.024 -0.01)
(0.01 0.024 0)
(0.0105 0.0235 -0.01)
(0.0105 0.0235 0)
(0.011 0.0235 -0.01)
(0.011 0.0235 0)
(0.0105 0.024 -0.01)
(0.0105 0.024 0)
(0.011 0.024 -0.01)
(0.011 0.024 0)
(0.0095 0.0245 -0.01)
(0.0095 0.0245 0)
(0.01 0.0245 -0.01)
(0.01 0.0245 0)
(0.0095 0.025 -0.01)
(0.0095 0.025 0)
(0.01 0.025 -0.01)
(0.01 0.025 0)
(0.0105 0.0245 -0.01)
(0.0105 0.0245 0)
(0.011 0.0245 -0.01)
(0.011 0.0245 0)
(0.0105 0.025 -0.01)
(0.0105 0.025 0)
(0.011 0.025 -0.01)
(0.011 0.025 0)
(0.0115 0.0235 -0.01)
(0.0115 0.0235 0)
(0.012 0.0235 -0.01)
(0.012 0.0235 0)
(0.0115 0.024 -0.01)
(0.0115 0.024 0)
(0.012 0.024 -0.01)
(0.012 0.024 0)
(0.0125 0.0235 -0.01)
(0.0125 0.0235 0)
(0.013 0.0235 -0.01)
(0.013 0.0235 0)
(0.0125 0.024 -0.01)
(0.0125 0.024 0)
(0.013 0.024 -0.01)
(0.013 0.024 0)
(0.0115 0.0245 -0.01)
(0.0115 0.0245 0)
(0.012 0.0245 -0.01)
(0.012 0.0245 0)
(0.0115 0.025 -0.01)
(0.0115 0.025 0)
(0.012 0.025 -0.01)
(0.012 0.025 0)
(0.0125 0.0245 -0.01)
(0.0125 0.0245 0)
(0.013 0.0245 -0.01)
(0.013 0.0245 0)
(0.0125 0.025 -0.01)
(0.0125 0.025 0)
(0.013 0.025 -0.01)
(0.013 0.025 0)
(0.0095 0.0255001 -0.01)
(0.0095 0.0255001 0)
(0.01 0.0255001 -0.01)
(0.01 0.0255001 0)
(0.0095 0.0260005 -0.01)
(0.0095 0.0260005 0)
(0.01 0.0260005 -0.01)
(0.01 0.0260005 0)
(0.0105 0.0255001 -0.01)
(0.0105 0.0255001 0)
(0.011 0.0255001 -0.01)
(0.011 0.0255001 0)
(0.0105 0.0260005 -0.01)
(0.0105 0.0260005 0)
(0.011 0.0260005 -0.01)
(0.011 0.0260005 0)
(0.0095 0.0265023 -0.01)
(0.0095 0.0265023 0)
(0.01 0.0265023 -0.01)
(0.01 0.0265023 0)
(0.0095 0.0270086 -0.01)
(0.0095 0.0270086 0)
(0.01 0.0270086 -0.01)
(0.01 0.0270086 0)
(0.0105 0.0265023 -0.01)
(0.0105 0.0265023 0)
(0.011 0.0265023 -0.01)
(0.011 0.0265023 0)
(0.0105 0.0270086 -0.01)
(0.0105 0.0270086 0)
(0.011 0.0270086 -0.01)
(0.011 0.0270086 0)
(0.0115 0.0255001 -0.01)
(0.0115 0.0255001 0)
(0.012 0.0255001 -0.01)
(0.012 0.0255001 0)
(0.0115 0.0260005 -0.01)
(0.0115 0.0260005 0)
(0.012 0.0260005 -0.01)
(0.012 0.0260005 0)
(0.0125 0.0255001 -0.01)
(0.0125 0.0255001 0)
(0.013 0.0255001 -0.01)
(0.013 0.0255001 0)
(0.0125 0.0260005 -0.01)
(0.0125 0.0260005 0)
(0.013 0.0260005 -0.01)
(0.013 0.0260005 0)
(0.0115 0.0265023 -0.01)
(0.0115 0.0265023 0)
(0.012 0.0265023 -0.01)
(0.012 0.0265023 0)
(0.0115 0.0270086 -0.01)
(0.0115 0.0270086 0)
(0.012 0.0270086 -0.01)
(0.012 0.0270086 0)
(0.0125 0.0265023 -0.01)
(0.0125 0.0265023 0)
(0.013 0.0265023 -0.01)
(0.013 0.0265023 0)
(0.0125 0.0270086 -0.01)
(0.0125 0.0270086 0)
(0.013 0.0270086 -0.01)
(0.013 0.0270086 0)
(0.00549998 0.0275245 -0.01)
(0.00549998 0.0275245 0)
(0.006 0.0275245 -0.01)
(0.006 0.0275245 0)
(0.00549994 0.0280525 -0.01)
(0.00549994 0.0280525 0)
(0.00599999 0.0280525 -0.01)
(0.00599999 0.0280525 0)
(0.0065 0.0275245 -0.01)
(0.0065 0.0275245 0)
(0.007 0.0275245 -0.01)
(0.007 0.0275245 0)
(0.0065 0.0280525 -0.01)
(0.0065 0.0280525 0)
(0.007 0.0280525 -0.01)
(0.007 0.0280525 0)
(0.00549983 0.0285825 -0.01)
(0.00549983 0.0285825 0)
(0.00599995 0.0285825 -0.01)
(0.00599995 0.0285825 0)
(0.00549964 0.0290894 -0.01)
(0.00549964 0.0290894 0)
(0.00599992 0.0290894 -0.01)
(0.00599992 0.0290894 0)
(0.00649999 0.0285825 -0.01)
(0.00649999 0.0285825 0)
(0.007 0.0285825 -0.01)
(0.007 0.0285825 0)
(0.00649999 0.0290895 -0.01)
(0.00649999 0.0290895 0)
(0.00699999 0.0290895 -0.01)
(0.00699999 0.0290895 0)
(0.0075 0.0275245 -0.01)
(0.0075 0.0275245 0)
(0.008 0.0275245 -0.01)
(0.008 0.0275245 0)
(0.0075 0.0280525 -0.01)
(0.0075 0.0280525 0)
(0.008 0.0280525 -0.01)
(0.008 0.0280525 0)
(0.0085 0.0275245 -0.01)
(0.0085 0.0275245 0)
(0.009 0.0275245 -0.01)
(0.009 0.0275245 0)
(0.0085 0.0280525 -0.01)
(0.0085 0.0280525 0)
(0.009 0.0280525 -0.01)
(0.009 0.0280525 0)
(0.0075 0.0285825 -0.01)
(0.0075 0.0285825 0)
(0.008 0.0285825 -0.01)
(0.008 0.0285825 0)
(0.0075 0.0290895 -0.01)
(0.0075 0.0290895 0)
(0.00799999 0.0290895 -0.01)
(0.00799999 0.0290895 0)
(0.0085 0.0285825 -0.01)
(0.0085 0.0285825 0)
(0.009 0.0285825 -0.01)
(0.009 0.0285825 0)
(0.00849999 0.0290895 -0.01)
(0.00849999 0.0290895 0)
(0.00899999 0.0290895 -0.01)
(0.00899999 0.0290895 0)
(0.00549949 0.0295583 -0.01)
(0.00549949 0.0295583 0)
(0.00599988 0.0295583 -0.01)
(0.00599988 0.0295583 0)
(0.00649999 0.0295583 -0.01)
(0.00649999 0.0295583 0)
(0.00699999 0.0295583 -0.01)
(0.00699999 0.0295583 0)
(0.00750001 0.0295583 -0.01)
(0.00750001 0.0295583 0)
(0.008 0.0295583 -0.01)
(0.008 0.0295583 0)
(0.00850001 0.0295583 -0.01)
(0.00850001 0.0295583 0)
(0.00900001 0.0295583 -0.01)
(0.00900001 0.0295583 0)
(0.0095 0.0275245 -0.01)
(0.0095 0.0275245 0)
(0.01 0.0275245 -0.01)
(0.01 0.0275245 0)
(0.0095 0.0280525 -0.01)
(0.0095 0.0280525 0)
(0.01 0.0280525 -0.01)
(0.01 0.0280525 0)
(0.0105 0.0275245 -0.01)
(0.0105 0.0275245 0)
(0.011 0.0275245 -0.01)
(0.011 0.0275245 0)
(0.0105 0.0280525 -0.01)
(0.0105 0.0280525 0)
(0.011 0.0280525 -0.01)
(0.011 0.0280525 0)
(0.0095 0.0285825 -0.01)
(0.0095 0.0285825 0)
(0.01 0.0285825 -0.01)
(0.01 0.0285825 0)
(0.00949999 0.0290895 -0.01)
(0.00949999 0.0290895 0)
(0.00999999 0.0290895 -0.01)
(0.00999999 0.0290895 0)
(0.0105 0.0285825 -0.01)
(0.0105 0.0285825 0)
(0.011 0.0285825 -0.01)
(0.011 0.0285825 0)
(0.0105 0.0290895 -0.01)
(0.0105 0.0290895 0)
(0.011 0.0290895 -0.01)
(0.011 0.0290895 0)
(0.0115 0.0275245 -0.01)
(0.0115 0.0275245 0)
(0.012 0.0275245 -0.01)
(0.012 0.0275245 0)
(0.0115 0.0280525 -0.01)
(0.0115 0.0280525 0)
(0.012 0.0280525 -0.01)
(0.012 0.0280525 0)
(0.0125 0.0275245 -0.01)
(0.0125 0.0275245 0)
(0.013 0.0275245 -0.01)
(0.013 0.0275245 0)
(0.0125 0.0280525 -0.01)
(0.0125 0.0280525 0)
(0.013 0.0280525 -0.01)
(0.013 0.0280525 0)
(0.0115 0.0285825 -0.01)
(0.0115 0.0285825 0)
(0.012 0.0285825 -0.01)
(0.012 0.0285825 0)
(0.0115 0.0290895 -0.01)
(0.0115 0.0290895 0)
(0.012 0.0290895 -0.01)
(0.012 0.0290895 0)
(0.0125 0.0285825 -0.01)
(0.0125 0.0285825 0)
(0.013 0.0285825 -0.01)
(0.013 0.0285825 0)
(0.0125 0.0290895 -0.01)
(0.0125 0.0290895 0)
(0.013 0.0290895 -0.01)
(0.013 0.0290895 0)
(0.00950001 0.0295583 -0.01)
(0.00950001 0.0295583 0)
(0.01 0.0295583 -0.01)
(0.01 0.0295583 0)
(0.0105 0.0295583 -0.01)
(0.0105 0.0295583 0)
(0.011 0.0295583 -0.01)
(0.011 0.0295583 0)
(0.0115 0.0295583 -0.01)
(0.0115 0.0295583 0)
(0.012 0.0295583 -0.01)
(0.012 0.0295583 0)
(0.0125 0.0295583 -0.01)
(0.0125 0.0295583 0)
(0.013 0.0295583 -0.01)
(0.013 0.0295583 0)
(0.0295 0.0235 -0.01)
(0.0295 0.0235 0)
(0.03 0.0235 -0.01)
(0.03 0.0235 0)
(0.0295 0.024 -0.01)
(0.0295 0.024 0)
(0.03 0.024 -0.01)
(0.03 0.024 0)
(0.0305 0.0235 -0.01)
(0.0305 0.0235 0)
(0.031 0.0235 -0.01)
(0.031 0.0235 0)
(0.0305 0.024 -0.01)
(0.0305 0.024 0)
(0.031 0.024 -0.01)
(0.031 0.024 0)
(0.0295 0.0245 -0.01)
(0.0295 0.0245 0)
(0.03 0.0245 -0.01)
(0.03 0.0245 0)
(0.0295 0.025 -0.01)
(0.0295 0.025 0)
(0.03 0.025 -0.01)
(0.03 0.025 0)
(0.0305 0.0245 -0.01)
(0.0305 0.0245 0)
(0.031 0.0245 -0.01)
(0.031 0.0245 0)
(0.0305 0.025 -0.01)
(0.0305 0.025 0)
(0.031 0.025 -0.01)
(0.031 0.025 0)
(0.0315 0.0235 -0.01)
(0.0315 0.0235 0)
(0.032 0.0235 -0.01)
(0.032 0.0235 0)
(0.0315 0.024 -0.01)
(0.0315 0.024 0)
(0.032 0.024 -0.01)
(0.032 0.024 0)
(0.0325 0.0235 -0.01)
(0.0325 0.0235 0)
(0.033 0.0235 -0.01)
(0.033 0.0235 0)
(0.0325 0.024 -0.01)
(0.0325 0.024 0)
(0.033 0.024 -0.01)
(0.033 0.024 0)
(0.0315 0.0245 -0.01)
(0.0315 0.0245 0)
(0.032 0.0245 -0.01)
(0.032 0.0245 0)
(0.0315 0.025 -0.01)
(0.0315 0.025 0)
(0.032 0.025 -0.01)
(0.032 0.025 0)
(0.0325 0.0245 -0.01)
(0.0325 0.0245 0)
(0.033 0.0245 -0.01)
(0.033 0.0245 0)
(0.0325 0.025 -0.01)
(0.0325 0.025 0)
(0.033 0.025 -0.01)
(0.033 0.025 0)
(0.0295 0.0255001 -0.01)
(0.0295 0.0255001 0)
(0.03 0.0255001 -0.01)
(0.03 0.0255001 0)
(0.0295 0.0260005 -0.01)
(0.0295 0.0260005 0)
(0.03 0.0260005 -0.01)
(0.03 0.0260005 0)
(0.0305 0.0255001 -0.01)
(0.0305 0.0255001 0)
(0.031 0.0255001 -0.01)
(0.031 0.0255001 0)
(0.0305 0.0260005 -0.01)
(0.0305 0.0260005 0)
(0.031 0.0260005 -0.01)
(0.031 0.0260005 0)
(0.0295 0.0265023 -0.01)
(0.0295 0.0265023 0)
(0.03 0.0265023 -0.01)
(0.03 0.0265023 0)
(0.0295 0.0270086 -0.01)
(0.0295 0.0270086 0)
(0.03 0.0270086 -0.01)
(0.03 0.0270086 0)
(0.0305 0.0265023 -0.01)
(0.0305 0.0265023 0)
(0.031 0.0265023 -0.01)
(0.031 0.0265023 0)
(0.0305 0.0270086 -0.01)
(0.0305 0.0270086 0)
(0.031 0.0270086 -0.01)
(0.031 0.0270086 0)
(0.0315 0.0255001 -0.01)
(0.0315 0.0255001 0)
(0.032 0.0255001 -0.01)
(0.032 0.0255001 0)
(0.0315 0.0260005 -0.01)
(0.0315 0.0260005 0)
(0.032 0.0260005 -0.01)
(0.032 0.0260005 0)
(0.0325 0.0255001 -0.01)
(0.0325 0.0255001 0)
(0.033 0.0255001 -0.01)
(0.033 0.0255001 0)
(0.0325 0.0260005 -0.01)
(0.0325 0.0260005 0)
(0.033 0.0260005 -0.01)
(0.033 0.0260005 0)
(0.0315 0.0265023 -0.01)
(0.0315 0.0265023 0)
(0.032 0.0265023 -0.01)
(0.032 0.0265023 0)
(0.0315 0.0270086 -0.01)
(0.0315 0.0270086 0)
(0.032 0.0270086 -0.01)
(0.032 0.0270086 0)
(0.0325 0.0265023 -0.01)
(0.0325 0.0265023 0)
(0.033 0.0265023 -0.01)
(0.033 0.0265023 0)
(0.0325 0.0270086 -0.01)
(0.0325 0.0270086 0)
(0.033 0.0270086 -0.01)
(0.033 0.0270086 0)
(0.0335 0.0235 -0.01)
(0.0335 0.0235 0)
(0.034 0.0235 -0.01)
(0.034 0.0235 0)
(0.0135 0.017 -0.01)
(0.0135 0.017 0)
(0.014 0.017 -0.01)
(0.014 0.017 0)
(0.0145 0.017 -0.01)
(0.0145 0.017 0)
(0.015 0.017 -0.01)
(0.015 0.017 0)
(0.0155 0.017 -0.01)
(0.0155 0.017 0)
(0.016 0.017 -0.01)
(0.016 0.017 0)
(0.0165 0.017 -0.01)
(0.0165 0.017 0)
(0.017 0.017 -0.01)
(0.017 0.017 0)
(0.0135 0.0175 -0.01)
(0.0135 0.0175 0)
(0.014 0.0175 -0.01)
(0.014 0.0175 0)
(0.0135 0.018 -0.01)
(0.0135 0.018 0)
(0.014 0.018 -0.01)
(0.014 0.018 0)
(0.0145 0.0175 -0.01)
(0.0145 0.0175 0)
(0.015 0.0175 -0.01)
(0.015 0.0175 0)
(0.0145 0.018 -0.01)
(0.0145 0.018 0)
(0.015 0.018 -0.01)
(0.015 0.018 0)
(0.0135 0.0185 -0.01)
(0.0135 0.0185 0)
(0.014 0.0185 -0.01)
(0.014 0.0185 0)
(0.0135 0.019 -0.01)
(0.0135 0.019 0)
(0.014 0.019 -0.01)
(0.014 0.019 0)
(0.0145 0.0185 -0.01)
(0.0145 0.0185 0)
(0.015 0.0185 -0.01)
(0.015 0.0185 0)
(0.0145 0.019 -0.01)
(0.0145 0.019 0)
(0.015 0.019 -0.01)
(0.015 0.019 0)
(0.0155 0.0175 -0.01)
(0.0155 0.0175 0)
(0.016 0.0175 -0.01)
(0.016 0.0175 0)
(0.0155 0.018 -0.01)
(0.0155 0.018 0)
(0.016 0.018 -0.01)
(0.016 0.018 0)
(0.0165 0.0175 -0.01)
(0.0165 0.0175 0)
(0.017 0.0175 -0.01)
(0.017 0.0175 0)
(0.0165 0.018 -0.01)
(0.0165 0.018 0)
(0.017 0.018 -0.01)
(0.017 0.018 0)
(0.0155 0.0185 -0.01)
(0.0155 0.0185 0)
(0.016 0.0185 -0.01)
(0.016 0.0185 0)
(0.0155 0.019 -0.01)
(0.0155 0.019 0)
(0.016 0.019 -0.01)
(0.016 0.019 0)
(0.0165 0.0185 -0.01)
(0.0165 0.0185 0)
(0.017 0.0185 -0.01)
(0.017 0.0185 0)
(0.0165 0.019 -0.01)
(0.0165 0.019 0)
(0.017 0.019 -0.01)
(0.017 0.019 0)
(0.0175 0.017 -0.01)
(0.0175 0.017 0)
(0.018 0.017 -0.01)
(0.018 0.017 0)
(0.0185 0.017 -0.01)
(0.0185 0.017 0)
(0.019 0.017 -0.01)
(0.019 0.017 0)
(0.0195 0.017 -0.01)
(0.0195 0.017 0)
(0.02 0.017 -0.01)
(0.02 0.017 0)
(0.0205 0.017 -0.01)
(0.0205 0.017 0)
(0.021 0.017 -0.01)
(0.021 0.017 0)
(0.0175 0.0175 -0.01)
(0.0175 0.0175 0)
(0.018 0.0175 -0.01)
(0.018 0.0175 0)
(0.0175 0.018 -0.01)
(0.0175 0.018 0)
(0.018 0.018 -0.01)
(0.018 0.018 0)
(0.0185 0.0175 -0.01)
(0.0185 0.0175 0)
(0.019 0.0175 -0.01)
(0.019 0.0175 0)
(0.0335 0.024 -0.01)
(0.0335 0.024 0)
(0.034 0.024 -0.01)
(0.034 0.024 0)
(0.0345 0.0235 -0.01)
(0.0345 0.0235 0)
(0.035 0.0235 -0.01)
(0.035 0.0235 0)
(0.0345 0.024 -0.01)
(0.0345 0.024 0)
(0.035 0.024 -0.01)
(0.035 0.024 0)
(0.0335 0.0245 -0.01)
(0.0335 0.0245 0)
(0.034 0.0245 -0.01)
(0.034 0.0245 0)
(0.0335 0.025 -0.01)
(0.0335 0.025 0)
(0.034 0.025 -0.01)
(0.034 0.025 0)
(0.0345 0.0245 -0.01)
(0.0345 0.0245 0)
(0.035 0.0245 -0.01)
(0.035 0.0245 0)
(0.0345 0.025 -0.01)
(0.0345 0.025 0)
(0.035 0.025 -0.01)
(0.035 0.025 0)
(0.0355 0.0235 -0.01)
(0.0355 0.0235 0)
(0.0355 0.024 -0.01)
(0.0355 0.024 0)
(0.0355 0.0245 -0.01)
(0.0355 0.0245 0)
(0.0355 0.025 -0.01)
(0.0355 0.025 0)
(0.0335 0.0255001 -0.01)
(0.0335 0.0255001 0)
(0.034 0.0255001 -0.01)
(0.034 0.0255001 0)
(0.0335 0.0260005 -0.01)
(0.0335 0.0260005 0)
(0.034 0.0260005 -0.01)
(0.034 0.0260005 0)
(0.0345 0.0255001 -0.01)
(0.0345 0.0255001 0)
(0.035 0.0255001 -0.01)
(0.035 0.0255001 0)
(0.0345 0.0260005 -0.01)
(0.0345 0.0260005 0)
(0.035 0.0260005 -0.01)
(0.035 0.0260005 0)
(0.0335 0.0265023 -0.01)
(0.0335 0.0265023 0)
(0.034 0.0265023 -0.01)
(0.034 0.0265023 0)
(0.0335 0.0270086 -0.01)
(0.0335 0.0270086 0)
(0.034 0.0270086 -0.01)
(0.034 0.0270086 0)
(0.0345 0.0265023 -0.01)
(0.0345 0.0265023 0)
(0.035 0.0265023 -0.01)
(0.035 0.0265023 0)
(0.0345 0.0270086 -0.01)
(0.0345 0.0270086 0)
(0.035 0.0270086 -0.01)
(0.035 0.0270086 0)
(0.0355 0.0255001 -0.01)
(0.0355 0.0255001 0)
(0.0355 0.0260005 -0.01)
(0.0355 0.0260005 0)
(0.0355 0.0265023 -0.01)
(0.0355 0.0265023 0)
(0.0355 0.0270086 -0.01)
(0.0355 0.0270086 0)
(0.0295 0.0275245 -0.01)
(0.0295 0.0275245 0)
(0.03 0.0275245 -0.01)
(0.03 0.0275245 0)
(0.0295 0.0280525 -0.01)
(0.0295 0.0280525 0)
(0.03 0.0280525 -0.01)
(0.03 0.0280525 0)
(0.0305 0.0275245 -0.01)
(0.0305 0.0275245 0)
(0.031 0.0275245 -0.01)
(0.031 0.0275245 0)
(0.0305 0.0280525 -0.01)
(0.0305 0.0280525 0)
(0.031 0.0280525 -0.01)
(0.031 0.0280525 0)
(0.0295 0.0285825 -0.01)
(0.0295 0.0285825 0)
(0.03 0.0285825 -0.01)
(0.03 0.0285825 0)
(0.0295 0.0290895 -0.01)
(0.0295 0.0290895 0)
(0.03 0.0290895 -0.01)
(0.03 0.0290895 0)
(0.0305 0.0285825 -0.01)
(0.0305 0.0285825 0)
(0.031 0.0285825 -0.01)
(0.031 0.0285825 0)
(0.0305 0.0290895 -0.01)
(0.0305 0.0290895 0)
(0.031 0.0290895 -0.01)
(0.031 0.0290895 0)
(0.0315 0.0275245 -0.01)
(0.0315 0.0275245 0)
(0.032 0.0275245 -0.01)
(0.032 0.0275245 0)
(0.0315 0.0280525 -0.01)
(0.0315 0.0280525 0)
(0.032 0.0280525 -0.01)
(0.032 0.0280525 0)
(0.0325 0.0275245 -0.01)
(0.0325 0.0275245 0)
(0.033 0.0275245 -0.01)
(0.033 0.0275245 0)
(0.0325 0.0280525 -0.01)
(0.0325 0.0280525 0)
(0.033 0.0280525 -0.01)
(0.033 0.0280525 0)
(0.0315 0.0285825 -0.01)
(0.0315 0.0285825 0)
(0.032 0.0285825 -0.01)
(0.032 0.0285825 0)
(0.0315 0.0290895 -0.01)
(0.0315 0.0290895 0)
(0.032 0.0290895 -0.01)
(0.032 0.0290895 0)
(0.0325 0.0285825 -0.01)
(0.0325 0.0285825 0)
(0.033 0.0285825 -0.01)
(0.033 0.0285825 0)
(0.0325 0.0290895 -0.01)
(0.0325 0.0290895 0)
(0.033 0.0290895 -0.01)
(0.033 0.0290895 0)
(0.0295 0.0295583 -0.01)
(0.0295 0.0295583 0)
(0.03 0.0295583 -0.01)
(0.03 0.0295583 0)
(0.0305 0.0295583 -0.01)
(0.0305 0.0295583 0)
(0.031 0.0295583 -0.01)
(0.031 0.0295583 0)
(0.0185 0.018 -0.01)
(0.0185 0.018 0)
(0.019 0.018 -0.01)
(0.019 0.018 0)
(0.0175 0.0185 -0.01)
(0.0175 0.0185 0)
(0.018 0.0185 -0.01)
(0.018 0.0185 0)
(0.0175 0.019 -0.01)
(0.0175 0.019 0)
(0.018 0.019 -0.01)
(0.018 0.019 0)
(0.0185 0.0185 -0.01)
(0.0185 0.0185 0)
(0.019 0.0185 -0.01)
(0.019 0.0185 0)
(0.0185 0.019 -0.01)
(0.0185 0.019 0)
(0.019 0.019 -0.01)
(0.019 0.019 0)
(0.0195 0.0175 -0.01)
(0.0195 0.0175 0)
(0.02 0.0175 -0.01)
(0.02 0.0175 0)
(0.0195 0.018 -0.01)
(0.0195 0.018 0)
(0.02 0.018 -0.01)
(0.02 0.018 0)
(0.0205 0.0175 -0.01)
(0.0205 0.0175 0)
(0.021 0.0175 -0.01)
(0.021 0.0175 0)
(0.0205 0.018 -0.01)
(0.0205 0.018 0)
(0.021 0.018 -0.01)
(0.021 0.018 0)
(0.0195 0.0185 -0.01)
(0.0195 0.0185 0)
(0.02 0.0185 -0.01)
(0.02 0.0185 0)
(0.0195 0.019 -0.01)
(0.0195 0.019 0)
(0.02 0.019 -0.01)
(0.02 0.019 0)
(0.0205 0.0185 -0.01)
(0.0205 0.0185 0)
(0.021 0.0185 -0.01)
(0.021 0.0185 0)
(0.0205 0.019 -0.01)
(0.0205 0.019 0)
(0.021 0.019 -0.01)
(0.021 0.019 0)
(0.0135 0.0195 -0.01)
(0.0135 0.0195 0)
(0.014 0.0195 -0.01)
(0.014 0.0195 0)
(0.0135 0.02 -0.01)
(0.0135 0.02 0)
(0.014 0.02 -0.01)
(0.014 0.02 0)
(0.0145 0.0195 -0.01)
(0.0145 0.0195 0)
(0.015 0.0195 -0.01)
(0.015 0.0195 0)
(0.0145 0.02 -0.01)
(0.0145 0.02 0)
(0.015 0.02 -0.01)
(0.015 0.02 0)
(0.0135 0.0205 -0.01)
(0.0135 0.0205 0)
(0.014 0.0205 -0.01)
(0.014 0.0205 0)
(0.0135 0.021 -0.01)
(0.0135 0.021 0)
(0.014 0.021 -0.01)
(0.014 0.021 0)
(0.0145 0.0205 -0.01)
(0.0145 0.0205 0)
(0.015 0.0205 -0.01)
(0.015 0.0205 0)
(0.0145 0.021 -0.01)
(0.0145 0.021 0)
(0.015 0.021 -0.01)
(0.015 0.021 0)
(0.0155 0.0195 -0.01)
(0.0155 0.0195 0)
(0.016 0.0195 -0.01)
(0.016 0.0195 0)
(0.0155 0.02 -0.01)
(0.0155 0.02 0)
(0.016 0.02 -0.01)
(0.016 0.02 0)
(0.0165 0.0195 -0.01)
(0.0165 0.0195 0)
(0.017 0.0195 -0.01)
(0.017 0.0195 0)
(0.0165 0.02 -0.01)
(0.0165 0.02 0)
(0.017 0.02 -0.01)
(0.017 0.02 0)
(0.0155 0.0205 -0.01)
(0.0155 0.0205 0)
(0.016 0.0205 -0.01)
(0.016 0.0205 0)
(0.0155 0.021 -0.01)
(0.0155 0.021 0)
(0.016 0.021 -0.01)
(0.016 0.021 0)
(0.0165 0.0205 -0.01)
(0.0165 0.0205 0)
(0.017 0.0205 -0.01)
(0.017 0.0205 0)
(0.0165 0.021 -0.01)
(0.0165 0.021 0)
(0.017 0.021 -0.01)
(0.017 0.021 0)
(0.0135 0.0215 -0.01)
(0.0135 0.0215 0)
(0.014 0.0215 -0.01)
(0.014 0.0215 0)
(0.0135 0.022 -0.01)
(0.0135 0.022 0)
(0.014 0.022 -0.01)
(0.014 0.022 0)
(0.0145 0.0215 -0.01)
(0.0145 0.0215 0)
(0.015 0.0215 -0.01)
(0.015 0.0215 0)
(0.0145 0.022 -0.01)
(0.0145 0.022 0)
(0.015 0.022 -0.01)
(0.015 0.022 0)
(0.0135 0.0225 -0.01)
(0.0135 0.0225 0)
(0.014 0.0225 -0.01)
(0.014 0.0225 0)
(0.0135 0.023 -0.01)
(0.0135 0.023 0)
(0.014 0.023 -0.01)
(0.014 0.023 0)
(0.0145 0.0225 -0.01)
(0.0145 0.0225 0)
(0.015 0.0225 -0.01)
(0.015 0.0225 0)
(0.0145 0.023 -0.01)
(0.0145 0.023 0)
(0.015 0.023 -0.01)
(0.015 0.023 0)
(0.0155 0.0215 -0.01)
(0.0155 0.0215 0)
(0.016 0.0215 -0.01)
(0.016 0.0215 0)
(0.0155 0.022 -0.01)
(0.0155 0.022 0)
(0.016 0.022 -0.01)
(0.016 0.022 0)
(0.0165 0.0215 -0.01)
(0.0165 0.0215 0)
(0.017 0.0215 -0.01)
(0.017 0.0215 0)
(0.0165 0.022 -0.01)
(0.0165 0.022 0)
(0.017 0.022 -0.01)
(0.017 0.022 0)
(0.0155 0.0225 -0.01)
(0.0155 0.0225 0)
(0.016 0.0225 -0.01)
(0.016 0.0225 0)
(0.0155 0.023 -0.01)
(0.0155 0.023 0)
(0.016 0.023 -0.01)
(0.016 0.023 0)
(0.0165 0.0225 -0.01)
(0.0165 0.0225 0)
(0.017 0.0225 -0.01)
(0.017 0.0225 0)
(0.0165 0.023 -0.01)
(0.0165 0.023 0)
(0.017 0.023 -0.01)
(0.017 0.023 0)
(0.0175 0.0195 -0.01)
(0.0175 0.0195 0)
(0.018 0.0195 -0.01)
(0.018 0.0195 0)
(0.0175 0.02 -0.01)
(0.0175 0.02 0)
(0.018 0.02 -0.01)
(0.018 0.02 0)
(0.0185 0.0195 -0.01)
(0.0185 0.0195 0)
(0.019 0.0195 -0.01)
(0.019 0.0195 0)
(0.0185 0.02 -0.01)
(0.0185 0.02 0)
(0.019 0.02 -0.01)
(0.019 0.02 0)
(0.0175 0.0205 -0.01)
(0.0175 0.0205 0)
(0.018 0.0205 -0.01)
(0.018 0.0205 0)
(0.0315 0.0295583 -0.01)
(0.0315 0.0295583 0)
(0.032 0.0295583 -0.01)
(0.032 0.0295583 0)
(0.0325 0.0295583 -0.01)
(0.0325 0.0295583 0)
(0.033 0.0295583 -0.01)
(0.033 0.0295583 0)
(0.0335 0.0275245 -0.01)
(0.0335 0.0275245 0)
(0.034 0.0275245 -0.01)
(0.034 0.0275245 0)
(0.0335 0.0280525 -0.01)
(0.0335 0.0280525 0)
(0.034 0.0280525 -0.01)
(0.034 0.0280525 0)
(0.0345 0.0275245 -0.01)
(0.0345 0.0275245 0)
(0.035 0.0275245 -0.01)
(0.035 0.0275245 0)
(0.0345 0.0280525 -0.01)
(0.0345 0.0280525 0)
(0.035 0.0280525 -0.01)
(0.035 0.0280525 0)
(0.0335 0.0285825 -0.01)
(0.0335 0.0285825 0)
(0.034 0.0285825 -0.01)
(0.034 0.0285825 0)
(0.0335 0.0290895 -0.01)
(0.0335 0.0290895 0)
(0.034 0.0290895 -0.01)
(0.034 0.0290895 0)
(0.0345 0.0285825 -0.01)
(0.0345 0.0285825 0)
(0.035 0.0285825 -0.01)
(0.035 0.0285825 0)
(0.0345 0.0290895 -0.01)
(0.0345 0.0290895 0)
(0.035 0.0290895 -0.01)
(0.035 0.0290895 0)
(0.0355 0.0275245 -0.01)
(0.0355 0.0275245 0)
(0.0355 0.0280525 -0.01)
(0.0355 0.0280525 0)
(0.0355 0.0285825 -0.01)
(0.0355 0.0285825 0)
(0.0355 0.0290895 -0.01)
(0.0355 0.0290895 0)
(0.0335 0.0295583 -0.01)
(0.0335 0.0295583 0)
(0.034 0.0295583 -0.01)
(0.034 0.0295583 0)
(0.0345 0.0295583 -0.01)
(0.0345 0.0295583 0)
(0.035 0.0295583 -0.01)
(0.035 0.0295583 0)
(0.0355 0.0295583 -0.01)
(0.0355 0.0295583 0)
(0.0175 0.021 -0.01)
(0.0175 0.021 0)
(0.018 0.021 -0.01)
(0.018 0.021 0)
(0.0185 0.0205 -0.01)
(0.0185 0.0205 0)
(0.019 0.0205 -0.01)
(0.019 0.0205 0)
(0.0185 0.021 -0.01)
(0.0185 0.021 0)
(0.019 0.021 -0.01)
(0.019 0.021 0)
(0.0195 0.0195 -0.01)
(0.0195 0.0195 0)
(0.02 0.0195 -0.01)
(0.02 0.0195 0)
(0.0195 0.02 -0.01)
(0.0195 0.02 0)
(0.02 0.02 -0.01)
(0.02 0.02 0)
(0.0205 0.0195 -0.01)
(0.0205 0.0195 0)
(0.021 0.0195 -0.01)
(0.021 0.0195 0)
(0.0205 0.02 -0.01)
(0.0205 0.02 0)
(0.021 0.02 -0.01)
(0.021 0.02 0)
(0.0195 0.0205 -0.01)
(0.0195 0.0205 0)
(0.02 0.0205 -0.01)
(0.02 0.0205 0)
(0.0195 0.021 -0.01)
(0.0195 0.021 0)
(0.02 0.021 -0.01)
(0.02 0.021 0)
(0.0205 0.0205 -0.01)
(0.0205 0.0205 0)
(0.021 0.0205 -0.01)
(0.021 0.0205 0)
(0.0205 0.021 -0.01)
(0.0205 0.021 0)
(0.021 0.021 -0.01)
(0.021 0.021 0)
(0.0175 0.0215 -0.01)
(0.0175 0.0215 0)
(0.018 0.0215 -0.01)
(0.018 0.0215 0)
(0.0175 0.022 -0.01)
(0.0175 0.022 0)
(0.018 0.022 -0.01)
(0.018 0.022 0)
(0.0185 0.0215 -0.01)
(0.0185 0.0215 0)
(0.019 0.0215 -0.01)
(0.019 0.0215 0)
(0.0185 0.022 -0.01)
(0.0185 0.022 0)
(0.019 0.022 -0.01)
(0.019 0.022 0)
(0.0175 0.0225 -0.01)
(0.0175 0.0225 0)
(0.018 0.0225 -0.01)
(0.018 0.0225 0)
(0.0175 0.023 -0.01)
(0.0175 0.023 0)
(0.018 0.023 -0.01)
(0.018 0.023 0)
(0.0185 0.0225 -0.01)
(0.0185 0.0225 0)
(0.019 0.0225 -0.01)
(0.019 0.0225 0)
(0.0185 0.023 -0.01)
(0.0185 0.023 0)
(0.019 0.023 -0.01)
(0.019 0.023 0)
(0.0195 0.0215 -0.01)
(0.0195 0.0215 0)
(0.02 0.0215 -0.01)
(0.02 0.0215 0)
(0.0195 0.022 -0.01)
(0.0195 0.022 0)
(0.02 0.022 -0.01)
(0.02 0.022 0)
(0.0205 0.0215 -0.01)
(0.0205 0.0215 0)
(0.021 0.0215 -0.01)
(0.021 0.0215 0)
(0.0205 0.022 -0.01)
(0.0205 0.022 0)
(0.021 0.022 -0.01)
(0.021 0.022 0)
(0.0195 0.0225 -0.01)
(0.0195 0.0225 0)
(0.02 0.0225 -0.01)
(0.02 0.0225 0)
(0.0195 0.023 -0.01)
(0.0195 0.023 0)
(0.02 0.023 -0.01)
(0.02 0.023 0)
(0.0205 0.0225 -0.01)
(0.0205 0.0225 0)
(0.021 0.0225 -0.01)
(0.021 0.0225 0)
(0.0205 0.023 -0.01)
(0.0205 0.023 0)
(0.021 0.023 -0.01)
(0.021 0.023 0)
(0.0215 0.017 -0.01)
(0.0215 0.017 0)
(0.022 0.017 -0.01)
(0.022 0.017 0)
(0.0215 0.0175 -0.01)
(0.0215 0.0175 0)
(0.022 0.0175 -0.01)
(0.022 0.0175 0)
(0.0215 0.018 -0.01)
(0.0215 0.018 0)
(0.022 0.018 -0.01)
(0.022 0.018 0)
(0.0225 0.0175 -0.01)
(0.0225 0.0175 0)
(0.023 0.0175 -0.01)
(0.023 0.0175 0)
(0.0225 0.018 -0.01)
(0.0225 0.018 0)
(0.023 0.018 -0.01)
(0.023 0.018 0)
(0.0215 0.0185 -0.01)
(0.0215 0.0185 0)
(0.022 0.0185 -0.01)
(0.022 0.0185 0)
(0.0215 0.019 -0.01)
(0.0215 0.019 0)
(0.022 0.019 -0.01)
(0.022 0.019 0)
(0.0225 0.0185 -0.01)
(0.0225 0.0185 0)
(0.023 0.0185 -0.01)
(0.023 0.0185 0)
(0.0225 0.019 -0.01)
(0.0225 0.019 0)
(0.023 0.019 -0.01)
(0.023 0.019 0)
(0.0235 0.0175 -0.01)
(0.0235 0.0175 0)
(0.024 0.0175 -0.01)
(0.024 0.0175 0)
(0.0235 0.018 -0.01)
(0.0235 0.018 0)
(0.024 0.018 -0.01)
(0.024 0.018 0)
(0.0245 0.0175 -0.01)
(0.0245 0.0175 0)
(0.025 0.0175 -0.01)
(0.025 0.0175 0)
(0.0245 0.018 -0.01)
(0.0245 0.018 0)
(0.025 0.018 -0.01)
(0.025 0.018 0)
(0.0235 0.0185 -0.01)
(0.0235 0.0185 0)
(0.024 0.0185 -0.01)
(0.024 0.0185 0)
(0.0235 0.019 -0.01)
(0.0235 0.019 0)
(0.024 0.019 -0.01)
(0.024 0.019 0)
(0.0245 0.0185 -0.01)
(0.0245 0.0185 0)
(0.025 0.0185 -0.01)
(0.025 0.0185 0)
(0.0245 0.019 -0.01)
(0.0245 0.019 0)
(0.025 0.019 -0.01)
(0.025 0.019 0)
(0.0255 0.0175 -0.01)
(0.0255 0.0175 0)
(0.026 0.0175 -0.01)
(0.026 0.0175 0)
(0.0255 0.018 -0.01)
(0.0255 0.018 0)
(0.026 0.018 -0.01)
(0.026 0.018 0)
(0.0265 0.0175 -0.01)
(0.0265 0.0175 0)
(0.027 0.0175 -0.01)
(0.027 0.0175 0)
(0.0265 0.018 -0.01)
(0.0265 0.018 0)
(0.027 0.018 -0.01)
(0.027 0.018 0)
(0.0255 0.0185 -0.01)
(0.0255 0.0185 0)
(0.026 0.0185 -0.01)
(0.026 0.0185 0)
(0.0255 0.019 -0.01)
(0.0255 0.019 0)
(0.026 0.019 -0.01)
(0.026 0.019 0)
(0.0265 0.0185 -0.01)
(0.0265 0.0185 0)
(0.027 0.0185 -0.01)
(0.027 0.0185 0)
(0.0265 0.019 -0.01)
(0.0265 0.019 0)
(0.027 0.019 -0.01)
(0.027 0.019 0)
(0.0275 0.0175 -0.01)
(0.0275 0.0175 0)
(0.028 0.0175 -0.01)
(0.028 0.0175 0)
(0.0275 0.018 -0.01)
(0.0275 0.018 0)
(0.028 0.018 -0.01)
(0.028 0.018 0)
(0.0285 0.0175 -0.01)
(0.0285 0.0175 0)
(0.029 0.0175 -0.01)
(0.029 0.0175 0)
(0.0285 0.018 -0.01)
(0.0285 0.018 0)
(0.029 0.018 -0.01)
(0.029 0.018 0)
(0.0275 0.0185 -0.01)
(0.0275 0.0185 0)
(0.028 0.0185 -0.01)
(0.028 0.0185 0)
(0.0275 0.019 -0.01)
(0.0275 0.019 0)
(0.028 0.019 -0.01)
(0.028 0.019 0)
(0.0285 0.0185 -0.01)
(0.0285 0.0185 0)
(0.029 0.0185 -0.01)
(0.029 0.0185 0)
(0.0285 0.019 -0.01)
(0.0285 0.019 0)
(0.029 0.019 -0.01)
(0.029 0.019 0)
(0.0215 0.0195 -0.01)
(0.0215 0.0195 0)
(0.022 0.0195 -0.01)
(0.022 0.0195 0)
(0.0215 0.02 -0.01)
(0.0215 0.02 0)
(0.022 0.02 -0.01)
(0.022 0.02 0)
(0.0225 0.0195 -0.01)
(0.0225 0.0195 0)
(0.023 0.0195 -0.01)
(0.023 0.0195 0)
(0.0225 0.02 -0.01)
(0.0225 0.02 0)
(0.023 0.02 -0.01)
(0.023 0.02 0)
(0.0215 0.0205 -0.01)
(0.0215 0.0205 0)
(0.022 0.0205 -0.01)
(0.022 0.0205 0)
(0.0215 0.021 -0.01)
(0.0215 0.021 0)
(0.022 0.021 -0.01)
(0.022 0.021 0)
(0.0225 0.0205 -0.01)
(0.0225 0.0205 0)
(0.023 0.0205 -0.01)
(0.023 0.0205 0)
(0.0225 0.021 -0.01)
(0.0225 0.021 0)
(0.023 0.021 -0.01)
(0.023 0.021 0)
(0.0235 0.0195 -0.01)
(0.0235 0.0195 0)
(0.024 0.0195 -0.01)
(0.024 0.0195 0)
(0.0235 0.02 -0.01)
(0.0235 0.02 0)
(0.024 0.02 -0.01)
(0.024 0.02 0)
(0.0245 0.0195 -0.01)
(0.0245 0.0195 0)
(0.025 0.0195 -0.01)
(0.025 0.0195 0)
(0.0245 0.02 -0.01)
(0.0245 0.02 0)
(0.025 0.02 -0.01)
(0.025 0.02 0)
(0.0235 0.0205 -0.01)
(0.0235 0.0205 0)
(0.024 0.0205 -0.01)
(0.024 0.0205 0)
(0.0235 0.021 -0.01)
(0.0235 0.021 0)
(0.024 0.021 -0.01)
(0.024 0.021 0)
(0.0245 0.0205 -0.01)
(0.0245 0.0205 0)
(0.025 0.0205 -0.01)
(0.025 0.0205 0)
(0.0245 0.021 -0.01)
(0.0245 0.021 0)
(0.025 0.021 -0.01)
(0.025 0.021 0)
(0.0215 0.0215 -0.01)
(0.0215 0.0215 0)
(0.022 0.0215 -0.01)
(0.022 0.0215 0)
(0.0215 0.022 -0.01)
(0.0215 0.022 0)
(0.022 0.022 -0.01)
(0.022 0.022 0)
(0.0225 0.0215 -0.01)
(0.0225 0.0215 0)
(0.023 0.0215 -0.01)
(0.023 0.0215 0)
(0.0225 0.022 -0.01)
(0.0225 0.022 0)
(0.023 0.022 -0.01)
(0.023 0.022 0)
(0.0215 0.0225 -0.01)
(0.0215 0.0225 0)
(0.022 0.0225 -0.01)
(0.022 0.0225 0)
(0.0215 0.023 -0.01)
(0.0215 0.023 0)
(0.022 0.023 -0.01)
(0.022 0.023 0)
(0.0225 0.0225 -0.01)
(0.0225 0.0225 0)
(0.023 0.0225 -0.01)
(0.023 0.0225 0)
(0.0225 0.023 -0.01)
(0.0225 0.023 0)
(0.023 0.023 -0.01)
(0.023 0.023 0)
(0.0235 0.0215 -0.01)
(0.0235 0.0215 0)
(0.024 0.0215 -0.01)
(0.024 0.0215 0)
(0.0235 0.022 -0.01)
(0.0235 0.022 0)
(0.024 0.022 -0.01)
(0.024 0.022 0)
(0.0245 0.0215 -0.01)
(0.0245 0.0215 0)
(0.025 0.0215 -0.01)
(0.025 0.0215 0)
(0.0245 0.022 -0.01)
(0.0245 0.022 0)
(0.025 0.022 -0.01)
(0.025 0.022 0)
(0.0235 0.0225 -0.01)
(0.0235 0.0225 0)
(0.024 0.0225 -0.01)
(0.024 0.0225 0)
(0.0235 0.023 -0.01)
(0.0235 0.023 0)
(0.024 0.023 -0.01)
(0.024 0.023 0)
(0.0245 0.0225 -0.01)
(0.0245 0.0225 0)
(0.025 0.0225 -0.01)
(0.025 0.0225 0)
(0.0245 0.023 -0.01)
(0.0245 0.023 0)
(0.025 0.023 -0.01)
(0.025 0.023 0)
(0.0255 0.0195 -0.01)
(0.0255 0.0195 0)
(0.026 0.0195 -0.01)
(0.026 0.0195 0)
(0.0255 0.02 -0.01)
(0.0255 0.02 0)
(0.026 0.02 -0.01)
(0.026 0.02 0)
(0.0265 0.0195 -0.01)
(0.0265 0.0195 0)
(0.027 0.0195 -0.01)
(0.027 0.0195 0)
(0.0265 0.02 -0.01)
(0.0265 0.02 0)
(0.027 0.02 -0.01)
(0.027 0.02 0)
(0.0255 0.0205 -0.01)
(0.0255 0.0205 0)
(0.026 0.0205 -0.01)
(0.026 0.0205 0)
(0.0255 0.021 -0.01)
(0.0255 0.021 0)
(0.026 0.021 -0.01)
(0.026 0.021 0)
(0.0265 0.0205 -0.01)
(0.0265 0.0205 0)
(0.027 0.0205 -0.01)
(0.027 0.0205 0)
(0.0265 0.021 -0.01)
(0.0265 0.021 0)
(0.027 0.021 -0.01)
(0.027 0.021 0)
(0.0275 0.0195 -0.01)
(0.0275 0.0195 0)
(0.028 0.0195 -0.01)
(0.028 0.0195 0)
(0.0275 0.02 -0.01)
(0.0275 0.02 0)
(0.028 0.02 -0.01)
(0.028 0.02 0)
(0.0285 0.0195 -0.01)
(0.0285 0.0195 0)
(0.029 0.0195 -0.01)
(0.029 0.0195 0)
(0.0285 0.02 -0.01)
(0.0285 0.02 0)
(0.029 0.02 -0.01)
(0.029 0.02 0)
(0.0275 0.0205 -0.01)
(0.0275 0.0205 0)
(0.028 0.0205 -0.01)
(0.028 0.0205 0)
(0.0275 0.021 -0.01)
(0.0275 0.021 0)
(0.028 0.021 -0.01)
(0.028 0.021 0)
(0.0285 0.0205 -0.01)
(0.0285 0.0205 0)
(0.029 0.0205 -0.01)
(0.029 0.0205 0)
(0.0285 0.021 -0.01)
(0.0285 0.021 0)
(0.029 0.021 -0.01)
(0.029 0.021 0)
(0.0255 0.0215 -0.01)
(0.0255 0.0215 0)
(0.026 0.0215 -0.01)
(0.026 0.0215 0)
(0.0255 0.022 -0.01)
(0.0255 0.022 0)
(0.026 0.022 -0.01)
(0.026 0.022 0)
(0.0265 0.0215 -0.01)
(0.0265 0.0215 0)
(0.027 0.0215 -0.01)
(0.027 0.0215 0)
(0.0265 0.022 -0.01)
(0.0265 0.022 0)
(0.027 0.022 -0.01)
(0.027 0.022 0)
(0.0255 0.0225 -0.01)
(0.0255 0.0225 0)
(0.026 0.0225 -0.01)
(0.026 0.0225 0)
(0.0255 0.023 -0.01)
(0.0255 0.023 0)
(0.026 0.023 -0.01)
(0.026 0.023 0)
(0.0265 0.0225 -0.01)
(0.0265 0.0225 0)
(0.027 0.0225 -0.01)
(0.027 0.0225 0)
(0.0265 0.023 -0.01)
(0.0265 0.023 0)
(0.027 0.023 -0.01)
(0.027 0.023 0)
(0.0275 0.0215 -0.01)
(0.0275 0.0215 0)
(0.028 0.0215 -0.01)
(0.028 0.0215 0)
(0.0275 0.022 -0.01)
(0.0275 0.022 0)
(0.028 0.022 -0.01)
(0.028 0.022 0)
(0.0285 0.0215 -0.01)
(0.0285 0.0215 0)
(0.029 0.0215 -0.01)
(0.029 0.0215 0)
(0.0285 0.022 -0.01)
(0.0285 0.022 0)
(0.029 0.022 -0.01)
(0.029 0.022 0)
(0.0275 0.0225 -0.01)
(0.0275 0.0225 0)
(0.028 0.0225 -0.01)
(0.028 0.0225 0)
(0.0275 0.023 -0.01)
(0.0275 0.023 0)
(0.028 0.023 -0.01)
(0.028 0.023 0)
(0.0285 0.0225 -0.01)
(0.0285 0.0225 0)
(0.029 0.0225 -0.01)
(0.029 0.0225 0)
(0.0285 0.023 -0.01)
(0.0285 0.023 0)
(0.029 0.023 -0.01)
(0.029 0.023 0)
(0.0135 0.0235 -0.01)
(0.0135 0.0235 0)
(0.014 0.0235 -0.01)
(0.014 0.0235 0)
(0.0135 0.024 -0.01)
(0.0135 0.024 0)
(0.014 0.024 -0.01)
(0.014 0.024 0)
(0.0145 0.0235 -0.01)
(0.0145 0.0235 0)
(0.015 0.0235 -0.01)
(0.015 0.0235 0)
(0.0145 0.024 -0.01)
(0.0145 0.024 0)
(0.015 0.024 -0.01)
(0.015 0.024 0)
(0.0135 0.0245 -0.01)
(0.0135 0.0245 0)
(0.014 0.0245 -0.01)
(0.014 0.0245 0)
(0.0135 0.025 -0.01)
(0.0135 0.025 0)
(0.014 0.025 -0.01)
(0.014 0.025 0)
(0.0145 0.0245 -0.01)
(0.0145 0.0245 0)
(0.015 0.0245 -0.01)
(0.015 0.0245 0)
(0.0145 0.025 -0.01)
(0.0145 0.025 0)
(0.015 0.025 -0.01)
(0.015 0.025 0)
(0.0155 0.0235 -0.01)
(0.0155 0.0235 0)
(0.016 0.0235 -0.01)
(0.016 0.0235 0)
(0.0155 0.024 -0.01)
(0.0155 0.024 0)
(0.016 0.024 -0.01)
(0.016 0.024 0)
(0.0165 0.0235 -0.01)
(0.0165 0.0235 0)
(0.017 0.0235 -0.01)
(0.017 0.0235 0)
(0.0165 0.024 -0.01)
(0.0165 0.024 0)
(0.017 0.024 -0.01)
(0.017 0.024 0)
(0.0155 0.0245 -0.01)
(0.0155 0.0245 0)
(0.016 0.0245 -0.01)
(0.016 0.0245 0)
(0.0155 0.025 -0.01)
(0.0155 0.025 0)
(0.016 0.025 -0.01)
(0.016 0.025 0)
(0.0165 0.0245 -0.01)
(0.0165 0.0245 0)
(0.017 0.0245 -0.01)
(0.017 0.0245 0)
(0.0165 0.025 -0.01)
(0.0165 0.025 0)
(0.017 0.025 -0.01)
(0.017 0.025 0)
(0.0135 0.0255001 -0.01)
(0.0135 0.0255001 0)
(0.014 0.0255001 -0.01)
(0.014 0.0255001 0)
(0.0135 0.0260005 -0.01)
(0.0135 0.0260005 0)
(0.014 0.0260005 -0.01)
(0.014 0.0260005 0)
(0.0145 0.0255001 -0.01)
(0.0145 0.0255001 0)
(0.015 0.0255001 -0.01)
(0.015 0.0255001 0)
(0.0145 0.0260005 -0.01)
(0.0145 0.0260005 0)
(0.015 0.0260005 -0.01)
(0.015 0.0260005 0)
(0.0135 0.0265023 -0.01)
(0.0135 0.0265023 0)
(0.014 0.0265023 -0.01)
(0.014 0.0265023 0)
(0.0135 0.0270086 -0.01)
(0.0135 0.0270086 0)
(0.014 0.0270086 -0.01)
(0.014 0.0270086 0)
(0.0145 0.0265023 -0.01)
(0.0145 0.0265023 0)
(0.015 0.0265023 -0.01)
(0.015 0.0265023 0)
(0.0145 0.0270086 -0.01)
(0.0145 0.0270086 0)
(0.015 0.0270086 -0.01)
(0.015 0.0270086 0)
(0.0155 0.0255001 -0.01)
(0.0155 0.0255001 0)
(0.016 0.0255001 -0.01)
(0.016 0.0255001 0)
(0.0155 0.0260005 -0.01)
(0.0155 0.0260005 0)
(0.016 0.0260005 -0.01)
(0.016 0.0260005 0)
(0.0165 0.0255001 -0.01)
(0.0165 0.0255001 0)
(0.017 0.0255001 -0.01)
(0.017 0.0255001 0)
(0.0165 0.0260005 -0.01)
(0.0165 0.0260005 0)
(0.017 0.0260005 -0.01)
(0.017 0.0260005 0)
(0.0155 0.0265023 -0.01)
(0.0155 0.0265023 0)
(0.016 0.0265023 -0.01)
(0.016 0.0265023 0)
(0.0155 0.0270086 -0.01)
(0.0155 0.0270086 0)
(0.016 0.0270086 -0.01)
(0.016 0.0270086 0)
(0.0165 0.0265023 -0.01)
(0.0165 0.0265023 0)
(0.017 0.0265023 -0.01)
(0.017 0.0265023 0)
(0.0165 0.0270086 -0.01)
(0.0165 0.0270086 0)
(0.017 0.0270086 -0.01)
(0.017 0.0270086 0)
(0.0175 0.0235 -0.01)
(0.0175 0.0235 0)
(0.018 0.0235 -0.01)
(0.018 0.0235 0)
(0.0175 0.024 -0.01)
(0.0175 0.024 0)
(0.018 0.024 -0.01)
(0.018 0.024 0)
(0.0185 0.0235 -0.01)
(0.0185 0.0235 0)
(0.019 0.0235 -0.01)
(0.019 0.0235 0)
(0.0185 0.024 -0.01)
(0.0185 0.024 0)
(0.019 0.024 -0.01)
(0.019 0.024 0)
(0.0175 0.0245 -0.01)
(0.0175 0.0245 0)
(0.018 0.0245 -0.01)
(0.018 0.0245 0)
(0.0175 0.025 -0.01)
(0.0175 0.025 0)
(0.018 0.025 -0.01)
(0.018 0.025 0)
(0.0185 0.0245 -0.01)
(0.0185 0.0245 0)
(0.019 0.0245 -0.01)
(0.019 0.0245 0)
(0.0185 0.025 -0.01)
(0.0185 0.025 0)
(0.019 0.025 -0.01)
(0.019 0.025 0)
(0.0195 0.0235 -0.01)
(0.0195 0.0235 0)
(0.02 0.0235 -0.01)
(0.02 0.0235 0)
(0.0195 0.024 -0.01)
(0.0195 0.024 0)
(0.02 0.024 -0.01)
(0.02 0.024 0)
(0.0205 0.0235 -0.01)
(0.0205 0.0235 0)
(0.021 0.0235 -0.01)
(0.021 0.0235 0)
(0.0205 0.024 -0.01)
(0.0205 0.024 0)
(0.021 0.024 -0.01)
(0.021 0.024 0)
(0.0195 0.0245 -0.01)
(0.0195 0.0245 0)
(0.02 0.0245 -0.01)
(0.02 0.0245 0)
(0.000441696 0.017 -0.01)
(0.000441696 0.017 0)
(0.000910546 0.017 -0.01)
(0.000910546 0.017 0)
(0.000441696 0.0175 -0.01)
(0.000441696 0.0175 0)
(0.000910546 0.0175 -0.01)
(0.000910546 0.0175 0)
(0.000441696 0.018 -0.01)
(0.000441696 0.018 0)
(0.000910546 0.018 -0.01)
(0.000910546 0.018 0)
(0.000441696 0.0185 -0.01)
(0.000441696 0.0185 0)
(0.000910546 0.0185 -0.01)
(0.000910546 0.0185 0)
(0.000441696 0.019 -0.01)
(0.000441696 0.019 0)
(0.000910546 0.019 -0.01)
(0.000910546 0.019 0)
(0.00141751 0.017 -0.01)
(0.00141751 0.017 0)
(0.00194745 0.017 -0.01)
(0.00194745 0.017 0)
(0.00247554 0.017 -0.01)
(0.00247554 0.017 0)
(0.00299141 0.017 -0.01)
(0.00299141 0.017 0)
(0.00349771 0.017 -0.01)
(0.00349771 0.017 0)
(0.00399954 0.017 -0.01)
(0.00399954 0.017 0)
(0.00449994 0.017 -0.01)
(0.00449994 0.017 0)
(0.005 0.017 -0.01)
(0.005 0.017 0)
(0.00141751 0.0175 -0.01)
(0.00141751 0.0175 0)
(0.00194745 0.0175 -0.01)
(0.00194745 0.0175 0)
(0.00141751 0.018 -0.01)
(0.00141751 0.018 0)
(0.00194745 0.018 -0.01)
(0.00194745 0.018 0)
(0.00247554 0.0175 -0.01)
(0.00247554 0.0175 0)
(0.00299141 0.0175 -0.01)
(0.00299141 0.0175 0)
(0.00247554 0.018 -0.01)
(0.00247554 0.018 0)
(0.00299141 0.018 -0.01)
(0.00299141 0.018 0)
(0.00141751 0.0185 -0.01)
(0.00141751 0.0185 0)
(0.00194745 0.0185 -0.01)
(0.00194745 0.0185 0)
(0.00141751 0.019 -0.01)
(0.00141751 0.019 0)
(0.00194745 0.019 -0.01)
(0.00194745 0.019 0)
(0.00247554 0.0185 -0.01)
(0.00247554 0.0185 0)
(0.00299141 0.0185 -0.01)
(0.00299141 0.0185 0)
(0.0195 0.025 -0.01)
(0.0195 0.025 0)
(0.02 0.025 -0.01)
(0.02 0.025 0)
(0.0205 0.0245 -0.01)
(0.0205 0.0245 0)
(0.021 0.0245 -0.01)
(0.021 0.0245 0)
(0.0205 0.025 -0.01)
(0.0205 0.025 0)
(0.021 0.025 -0.01)
(0.021 0.025 0)
(0.0175 0.0255001 -0.01)
(0.0175 0.0255001 0)
(0.018 0.0255001 -0.01)
(0.018 0.0255001 0)
(0.0175 0.0260005 -0.01)
(0.0175 0.0260005 0)
(0.018 0.0260005 -0.01)
(0.018 0.0260005 0)
(0.0185 0.0255001 -0.01)
(0.0185 0.0255001 0)
(0.019 0.0255001 -0.01)
(0.019 0.0255001 0)
(0.0185 0.0260005 -0.01)
(0.0185 0.0260005 0)
(0.019 0.0260005 -0.01)
(0.019 0.0260005 0)
(0.0175 0.0265023 -0.01)
(0.0175 0.0265023 0)
(0.018 0.0265023 -0.01)
(0.018 0.0265023 0)
(0.0175 0.0270086 -0.01)
(0.0175 0.0270086 0)
(0.018 0.0270086 -0.01)
(0.018 0.0270086 0)
(0.0185 0.0265023 -0.01)
(0.0185 0.0265023 0)
(0.019 0.0265023 -0.01)
(0.019 0.0265023 0)
(0.0185 0.0270086 -0.01)
(0.0185 0.0270086 0)
(0.019 0.0270086 -0.01)
(0.019 0.0270086 0)
(0.0195 0.0255001 -0.01)
(0.0195 0.0255001 0)
(0.02 0.0255001 -0.01)
(0.02 0.0255001 0)
(0.0195 0.0260005 -0.01)
(0.0195 0.0260005 0)
(0.02 0.0260005 -0.01)
(0.02 0.0260005 0)
(0.0205 0.0255001 -0.01)
(0.0205 0.0255001 0)
(0.021 0.0255001 -0.01)
(0.021 0.0255001 0)
(0.0205 0.0260005 -0.01)
(0.0205 0.0260005 0)
(0.021 0.0260005 -0.01)
(0.021 0.0260005 0)
(0.0195 0.0265023 -0.01)
(0.0195 0.0265023 0)
(0.02 0.0265023 -0.01)
(0.02 0.0265023 0)
(0.0195 0.0270086 -0.01)
(0.0195 0.0270086 0)
(0.02 0.0270086 -0.01)
(0.02 0.0270086 0)
(0.0205 0.0265023 -0.01)
(0.0205 0.0265023 0)
(0.021 0.0265023 -0.01)
(0.021 0.0265023 0)
(0.0205 0.0270086 -0.01)
(0.0205 0.0270086 0)
(0.021 0.0270086 -0.01)
(0.021 0.0270086 0)
(0.0135 0.0275245 -0.01)
(0.0135 0.0275245 0)
(0.014 0.0275245 -0.01)
(0.014 0.0275245 0)
(0.0135 0.0280525 -0.01)
(0.0135 0.0280525 0)
(0.014 0.0280525 -0.01)
(0.014 0.0280525 0)
(0.0145 0.0275245 -0.01)
(0.0145 0.0275245 0)
(0.015 0.0275245 -0.01)
(0.015 0.0275245 0)
(0.0145 0.0280525 -0.01)
(0.0145 0.0280525 0)
(0.015 0.0280525 -0.01)
(0.015 0.0280525 0)
(0.0135 0.0285825 -0.01)
(0.0135 0.0285825 0)
(0.014 0.0285825 -0.01)
(0.014 0.0285825 0)
(0.0135 0.0290895 -0.01)
(0.0135 0.0290895 0)
(0.014 0.0290895 -0.01)
(0.014 0.0290895 0)
(0.0145 0.0285825 -0.01)
(0.0145 0.0285825 0)
(0.015 0.0285825 -0.01)
(0.015 0.0285825 0)
(0.0145 0.0290895 -0.01)
(0.0145 0.0290895 0)
(0.015 0.0290895 -0.01)
(0.015 0.0290895 0)
(0.0155 0.0275245 -0.01)
(0.0155 0.0275245 0)
(0.016 0.0275245 -0.01)
(0.016 0.0275245 0)
(0.0155 0.0280525 -0.01)
(0.0155 0.0280525 0)
(0.016 0.0280525 -0.01)
(0.016 0.0280525 0)
(0.0165 0.0275245 -0.01)
(0.0165 0.0275245 0)
(0.017 0.0275245 -0.01)
(0.017 0.0275245 0)
(0.0165 0.0280525 -0.01)
(0.0165 0.0280525 0)
(0.017 0.0280525 -0.01)
(0.017 0.0280525 0)
(0.0155 0.0285825 -0.01)
(0.0155 0.0285825 0)
(0.016 0.0285825 -0.01)
(0.016 0.0285825 0)
(0.0155 0.0290895 -0.01)
(0.0155 0.0290895 0)
(0.016 0.0290895 -0.01)
(0.016 0.0290895 0)
(0.0165 0.0285825 -0.01)
(0.0165 0.0285825 0)
(0.017 0.0285825 -0.01)
(0.017 0.0285825 0)
(0.0165 0.0290895 -0.01)
(0.0165 0.0290895 0)
(0.017 0.0290895 -0.01)
(0.017 0.0290895 0)
(0.0135 0.0295583 -0.01)
(0.0135 0.0295583 0)
(0.014 0.0295583 -0.01)
(0.014 0.0295583 0)
(0.0145 0.0295583 -0.01)
(0.0145 0.0295583 0)
(0.015 0.0295583 -0.01)
(0.015 0.0295583 0)
(0.0155 0.0295583 -0.01)
(0.0155 0.0295583 0)
(0.016 0.0295583 -0.01)
(0.016 0.0295583 0)
(0.0165 0.0295583 -0.01)
(0.0165 0.0295583 0)
(0.017 0.0295583 -0.01)
(0.017 0.0295583 0)
(0.00247554 0.019 -0.01)
(0.00247554 0.019 0)
(0.00299141 0.019 -0.01)
(0.00299141 0.019 0)
(0.00349771 0.0175 -0.01)
(0.00349771 0.0175 0)
(0.00399954 0.0175 -0.01)
(0.00399954 0.0175 0)
(0.00349771 0.018 -0.01)
(0.00349771 0.018 0)
(0.00399954 0.018 -0.01)
(0.00399954 0.018 0)
(0.00449994 0.0175 -0.01)
(0.00449994 0.0175 0)
(0.005 0.0175 -0.01)
(0.005 0.0175 0)
(0.00449994 0.018 -0.01)
(0.00449994 0.018 0)
(0.005 0.018 -0.01)
(0.005 0.018 0)
(0.00349771 0.0185 -0.01)
(0.00349771 0.0185 0)
(0.00399954 0.0185 -0.01)
(0.00399954 0.0185 0)
(0.00349771 0.019 -0.01)
(0.00349771 0.019 0)
(0.00399954 0.019 -0.01)
(0.00399954 0.019 0)
(0.00449994 0.0185 -0.01)
(0.00449994 0.0185 0)
(0.005 0.0185 -0.01)
(0.005 0.0185 0)
(0.00449994 0.019 -0.01)
(0.00449994 0.019 0)
(0.005 0.019 -0.01)
(0.005 0.019 0)
(0.000441696 0.0195 -0.01)
(0.000441696 0.0195 0)
(0.000910546 0.0195 -0.01)
(0.000910546 0.0195 0)
(0.000441696 0.02 -0.01)
(0.000441696 0.02 0)
(0.000910546 0.02 -0.01)
(0.000910546 0.02 0)
(0.000441696 0.0205 -0.01)
(0.000441696 0.0205 0)
(0.000910546 0.0205 -0.01)
(0.000910546 0.0205 0)
(0.000441696 0.021 -0.01)
(0.000441696 0.021 0)
(0.000910546 0.021 -0.01)
(0.000910546 0.021 0)
(0.000441696 0.0215 -0.01)
(0.000441696 0.0215 0)
(0.000910546 0.0215 -0.01)
(0.000910546 0.0215 0)
(0.000441696 0.022 -0.01)
(0.000441696 0.022 0)
(0.000910546 0.022 -0.01)
(0.000910546 0.022 0)
(0.000441696 0.0225 -0.01)
(0.000441696 0.0225 0)
(0.000910546 0.0225 -0.01)
(0.000910546 0.0225 0)
(0.000441696 0.023 -0.01)
(0.000441696 0.023 0)
(0.000910546 0.023 -0.01)
(0.000910546 0.023 0)
(0.00141751 0.0195 -0.01)
(0.00141751 0.0195 0)
(0.00194745 0.0195 -0.01)
(0.00194745 0.0195 0)
(0.00141751 0.02 -0.01)
(0.00141751 0.02 0)
(0.00194745 0.02 -0.01)
(0.00194745 0.02 0)
(0.00247554 0.0195 -0.01)
(0.00247554 0.0195 0)
(0.00299141 0.0195 -0.01)
(0.00299141 0.0195 0)
(0.00247554 0.02 -0.01)
(0.00247554 0.02 0)
(0.00299141 0.02 -0.01)
(0.00299141 0.02 0)
(0.00141751 0.0205 -0.01)
(0.00141751 0.0205 0)
(0.00194745 0.0205 -0.01)
(0.00194745 0.0205 0)
(0.00141751 0.021 -0.01)
(0.00141751 0.021 0)
(0.00194745 0.021 -0.01)
(0.00194745 0.021 0)
(0.00247554 0.0205 -0.01)
(0.00247554 0.0205 0)
(0.00299141 0.0205 -0.01)
(0.00299141 0.0205 0)
(0.00247554 0.021 -0.01)
(0.00247554 0.021 0)
(0.00299141 0.021 -0.01)
(0.00299141 0.021 0)
(0.00349771 0.0195 -0.01)
(0.00349771 0.0195 0)
(0.00399955 0.0195 -0.01)
(0.00399955 0.0195 0)
(0.00349771 0.02 -0.01)
(0.00349771 0.02 0)
(0.00399955 0.02 -0.01)
(0.00399955 0.02 0)
(0.00449994 0.0195 -0.01)
(0.00449994 0.0195 0)
(0.005 0.0195 -0.01)
(0.005 0.0195 0)
(0.00449994 0.02 -0.01)
(0.00449994 0.02 0)
(0.005 0.02 -0.01)
(0.005 0.02 0)
(0.00349771 0.0205 -0.01)
(0.00349771 0.0205 0)
(0.00399954 0.0205 -0.01)
(0.00399954 0.0205 0)
(0.00349771 0.021 -0.01)
(0.00349771 0.021 0)
(0.00399954 0.021 -0.01)
(0.00399954 0.021 0)
(0.00449994 0.0205 -0.01)
(0.00449994 0.0205 0)
(0.005 0.0205 -0.01)
(0.005 0.0205 0)
(0.00449994 0.021 -0.01)
(0.00449994 0.021 0)
(0.005 0.021 -0.01)
(0.005 0.021 0)
(0.00141751 0.0215 -0.01)
(0.00141751 0.0215 0)
(0.00194745 0.0215 -0.01)
(0.00194745 0.0215 0)
(0.00141751 0.022 -0.01)
(0.00141751 0.022 0)
(0.00194745 0.022 -0.01)
(0.00194745 0.022 0)
(0.00247554 0.0215 -0.01)
(0.00247554 0.0215 0)
(0.00299142 0.0215 -0.01)
(0.00299142 0.0215 0)
(0.00247554 0.022 -0.01)
(0.00247554 0.022 0)
(0.00299142 0.022 -0.01)
(0.00299142 0.022 0)
(0.00141751 0.0225 -0.01)
(0.00141751 0.0225 0)
(0.00194745 0.0225 -0.01)
(0.00194745 0.0225 0)
(0.0175 0.0275245 -0.01)
(0.0175 0.0275245 0)
(0.018 0.0275245 -0.01)
(0.018 0.0275245 0)
(0.0175 0.0280525 -0.01)
(0.0175 0.0280525 0)
(0.018 0.0280525 -0.01)
(0.018 0.0280525 0)
(0.0185 0.0275245 -0.01)
(0.0185 0.0275245 0)
(0.019 0.0275245 -0.01)
(0.019 0.0275245 0)
(0.0185 0.0280525 -0.01)
(0.0185 0.0280525 0)
(0.019 0.0280525 -0.01)
(0.019 0.0280525 0)
(0.0175 0.0285825 -0.01)
(0.0175 0.0285825 0)
(0.018 0.0285825 -0.01)
(0.018 0.0285825 0)
(0.0175 0.0290895 -0.01)
(0.0175 0.0290895 0)
(0.018 0.0290895 -0.01)
(0.018 0.0290895 0)
(0.0185 0.0285825 -0.01)
(0.0185 0.0285825 0)
(0.019 0.0285825 -0.01)
(0.019 0.0285825 0)
(0.0185 0.0290895 -0.01)
(0.0185 0.0290895 0)
(0.019 0.0290895 -0.01)
(0.019 0.0290895 0)
(0.0195 0.0275245 -0.01)
(0.0195 0.0275245 0)
(0.02 0.0275245 -0.01)
(0.02 0.0275245 0)
(0.0195 0.0280525 -0.01)
(0.0195 0.0280525 0)
(0.02 0.0280525 -0.01)
(0.02 0.0280525 0)
(0.0205 0.0275245 -0.01)
(0.0205 0.0275245 0)
(0.021 0.0275245 -0.01)
(0.021 0.0275245 0)
(0.0205 0.0280525 -0.01)
(0.0205 0.0280525 0)
(0.021 0.0280525 -0.01)
(0.021 0.0280525 0)
(0.0195 0.0285825 -0.01)
(0.0195 0.0285825 0)
(0.02 0.0285825 -0.01)
(0.02 0.0285825 0)
(0.0195 0.0290895 -0.01)
(0.0195 0.0290895 0)
(0.02 0.0290895 -0.01)
(0.02 0.0290895 0)
(0.0205 0.0285825 -0.01)
(0.0205 0.0285825 0)
(0.021 0.0285825 -0.01)
(0.021 0.0285825 0)
(0.0205 0.0290895 -0.01)
(0.0205 0.0290895 0)
(0.021 0.0290895 -0.01)
(0.021 0.0290895 0)
(0.0175 0.0295583 -0.01)
(0.0175 0.0295583 0)
(0.018 0.0295583 -0.01)
(0.018 0.0295583 0)
(0.0185 0.0295583 -0.01)
(0.0185 0.0295583 0)
(0.019 0.0295583 -0.01)
(0.019 0.0295583 0)
(0.0195 0.0295583 -0.01)
(0.0195 0.0295583 0)
(0.02 0.0295583 -0.01)
(0.02 0.0295583 0)
(0.0205 0.0295583 -0.01)
(0.0205 0.0295583 0)
(0.021 0.0295583 -0.01)
(0.021 0.0295583 0)
(0.0215 0.0235 -0.01)
(0.0215 0.0235 0)
(0.022 0.0235 -0.01)
(0.022 0.0235 0)
(0.0215 0.024 -0.01)
(0.0215 0.024 0)
(0.022 0.024 -0.01)
(0.022 0.024 0)
(0.0225 0.0235 -0.01)
(0.0225 0.0235 0)
(0.023 0.0235 -0.01)
(0.023 0.0235 0)
(0.0225 0.024 -0.01)
(0.0225 0.024 0)
(0.023 0.024 -0.01)
(0.023 0.024 0)
(0.0215 0.0245 -0.01)
(0.0215 0.0245 0)
(0.022 0.0245 -0.01)
(0.022 0.0245 0)
(0.0215 0.025 -0.01)
(0.0215 0.025 0)
(0.022 0.025 -0.01)
(0.022 0.025 0)
(0.0225 0.0245 -0.01)
(0.0225 0.0245 0)
(0.023 0.0245 -0.01)
(0.023 0.0245 0)
(0.0225 0.025 -0.01)
(0.0225 0.025 0)
(0.023 0.025 -0.01)
(0.023 0.025 0)
(0.0235 0.0235 -0.01)
(0.0235 0.0235 0)
(0.024 0.0235 -0.01)
(0.024 0.0235 0)
(0.0235 0.024 -0.01)
(0.0235 0.024 0)
(0.024 0.024 -0.01)
(0.024 0.024 0)
(0.0245 0.0235 -0.01)
(0.0245 0.0235 0)
(0.025 0.0235 -0.01)
(0.025 0.0235 0)
(0.0245 0.024 -0.01)
(0.0245 0.024 0)
(0.025 0.024 -0.01)
(0.025 0.024 0)
(0.0235 0.0245 -0.01)
(0.0235 0.0245 0)
(0.024 0.0245 -0.01)
(0.024 0.0245 0)
(0.0235 0.025 -0.01)
(0.0235 0.025 0)
(0.024 0.025 -0.01)
(0.024 0.025 0)
(0.0245 0.0245 -0.01)
(0.0245 0.0245 0)
(0.025 0.0245 -0.01)
(0.025 0.0245 0)
(0.0245 0.025 -0.01)
(0.0245 0.025 0)
(0.025 0.025 -0.01)
(0.025 0.025 0)
(0.0215 0.0255001 -0.01)
(0.0215 0.0255001 0)
(0.022 0.0255001 -0.01)
(0.022 0.0255001 0)
(0.00141751 0.023 -0.01)
(0.00141751 0.023 0)
(0.00194745 0.023 -0.01)
(0.00194745 0.023 0)
(0.00247554 0.0225 -0.01)
(0.00247554 0.0225 0)
(0.00299142 0.0225 -0.01)
(0.00299142 0.0225 0)
(0.00247554 0.023 -0.01)
(0.00247554 0.023 0)
(0.00299141 0.023 -0.01)
(0.00299141 0.023 0)
(0.00349771 0.0215 -0.01)
(0.00349771 0.0215 0)
(0.00399954 0.0215 -0.01)
(0.00399954 0.0215 0)
(0.00349771 0.022 -0.01)
(0.00349771 0.022 0)
(0.00399954 0.022 -0.01)
(0.00399954 0.022 0)
(0.00449994 0.0215 -0.01)
(0.00449994 0.0215 0)
(0.005 0.0215 -0.01)
(0.005 0.0215 0)
(0.00449994 0.022 -0.01)
(0.00449994 0.022 0)
(0.005 0.022 -0.01)
(0.005 0.022 0)
(0.00349771 0.0225 -0.01)
(0.00349771 0.0225 0)
(0.00399954 0.0225 -0.01)
(0.00399954 0.0225 0)
(0.00349771 0.023 -0.01)
(0.00349771 0.023 0)
(0.00399954 0.023 -0.01)
(0.00399954 0.023 0)
(0.00449994 0.0225 -0.01)
(0.00449994 0.0225 0)
(0.00499999 0.0225 -0.01)
(0.00499999 0.0225 0)
(0.00449994 0.023 -0.01)
(0.00449994 0.023 0)
(0.00499999 0.023 -0.01)
(0.00499999 0.023 0)
(0.0055 0.017 -0.01)
(0.0055 0.017 0)
(0.006 0.017 -0.01)
(0.006 0.017 0)
(0.0065 0.017 -0.01)
(0.0065 0.017 0)
(0.007 0.017 -0.01)
(0.007 0.017 0)
(0.0075 0.017 -0.01)
(0.0075 0.017 0)
(0.008 0.017 -0.01)
(0.008 0.017 0)
(0.0085 0.017 -0.01)
(0.0085 0.017 0)
(0.009 0.017 -0.01)
(0.009 0.017 0)
(0.0055 0.0175 -0.01)
(0.0055 0.0175 0)
(0.006 0.0175 -0.01)
(0.006 0.0175 0)
(0.0055 0.018 -0.01)
(0.0055 0.018 0)
(0.006 0.018 -0.01)
(0.006 0.018 0)
(0.0065 0.0175 -0.01)
(0.0065 0.0175 0)
(0.007 0.0175 -0.01)
(0.007 0.0175 0)
(0.0065 0.018 -0.01)
(0.0065 0.018 0)
(0.007 0.018 -0.01)
(0.007 0.018 0)
(0.0055 0.0185 -0.01)
(0.0055 0.0185 0)
(0.006 0.0185 -0.01)
(0.006 0.0185 0)
(0.0055 0.019 -0.01)
(0.0055 0.019 0)
(0.006 0.019 -0.01)
(0.006 0.019 0)
(0.0065 0.0185 -0.01)
(0.0065 0.0185 0)
(0.007 0.0185 -0.01)
(0.007 0.0185 0)
(0.0065 0.019 -0.01)
(0.0065 0.019 0)
(0.007 0.019 -0.01)
(0.007 0.019 0)
(0.0075 0.0175 -0.01)
(0.0075 0.0175 0)
(0.008 0.0175 -0.01)
(0.008 0.0175 0)
(0.0075 0.018 -0.01)
(0.0075 0.018 0)
(0.008 0.018 -0.01)
(0.008 0.018 0)
(0.0085 0.0175 -0.01)
(0.0085 0.0175 0)
(0.009 0.0175 -0.01)
(0.009 0.0175 0)
(0.0085 0.018 -0.01)
(0.0085 0.018 0)
(0.009 0.018 -0.01)
(0.009 0.018 0)
(0.0075 0.0185 -0.01)
(0.0075 0.0185 0)
(0.008 0.0185 -0.01)
(0.008 0.0185 0)
(0.0075 0.019 -0.01)
(0.0075 0.019 0)
(0.008 0.019 -0.01)
(0.008 0.019 0)
(0.0085 0.0185 -0.01)
(0.0085 0.0185 0)
(0.009 0.0185 -0.01)
(0.009 0.0185 0)
(0.0085 0.019 -0.01)
(0.0085 0.019 0)
(0.009 0.019 -0.01)
(0.009 0.019 0)
(0.0095 0.017 -0.01)
(0.0095 0.017 0)
(0.01 0.017 -0.01)
(0.01 0.017 0)
(0.0215 0.0260005 -0.01)
(0.0215 0.0260005 0)
(0.022 0.0260005 -0.01)
(0.022 0.0260005 0)
(0.0225 0.0255001 -0.01)
(0.0225 0.0255001 0)
(0.023 0.0255001 -0.01)
(0.023 0.0255001 0)
(0.0225 0.0260005 -0.01)
(0.0225 0.0260005 0)
(0.023 0.0260005 -0.01)
(0.023 0.0260005 0)
(0.0215 0.0265023 -0.01)
(0.0215 0.0265023 0)
(0.022 0.0265023 -0.01)
(0.022 0.0265023 0)
(0.0215 0.0270086 -0.01)
(0.0215 0.0270086 0)
(0.022 0.0270086 -0.01)
(0.022 0.0270086 0)
(0.0225 0.0265023 -0.01)
(0.0225 0.0265023 0)
(0.023 0.0265023 -0.01)
(0.023 0.0265023 0)
(0.0225 0.0270086 -0.01)
(0.0225 0.0270086 0)
(0.023 0.0270086 -0.01)
(0.023 0.0270086 0)
(0.0235 0.0255001 -0.01)
(0.0235 0.0255001 0)
(0.024 0.0255001 -0.01)
(0.024 0.0255001 0)
(0.0235 0.0260005 -0.01)
(0.0235 0.0260005 0)
(0.024 0.0260005 -0.01)
(0.024 0.0260005 0)
(0.0245 0.0255001 -0.01)
(0.0245 0.0255001 0)
(0.025 0.0255001 -0.01)
(0.025 0.0255001 0)
(0.0245 0.0260005 -0.01)
(0.0245 0.0260005 0)
(0.025 0.0260005 -0.01)
(0.025 0.0260005 0)
(0.0235 0.0265023 -0.01)
(0.0235 0.0265023 0)
(0.024 0.0265023 -0.01)
(0.024 0.0265023 0)
(0.0235 0.0270086 -0.01)
(0.0235 0.0270086 0)
(0.024 0.0270086 -0.01)
(0.024 0.0270086 0)
(0.0245 0.0265023 -0.01)
(0.0245 0.0265023 0)
(0.025 0.0265023 -0.01)
(0.025 0.0265023 0)
(0.0245 0.0270086 -0.01)
(0.0245 0.0270086 0)
(0.025 0.0270086 -0.01)
(0.025 0.0270086 0)
(0.0255 0.0235 -0.01)
(0.0255 0.0235 0)
(0.026 0.0235 -0.01)
(0.026 0.0235 0)
(0.0255 0.024 -0.01)
(0.0255 0.024 0)
(0.026 0.024 -0.01)
(0.026 0.024 0)
(0.0265 0.0235 -0.01)
(0.0265 0.0235 0)
(0.027 0.0235 -0.01)
(0.027 0.0235 0)
(0.0265 0.024 -0.01)
(0.0265 0.024 0)
(0.027 0.024 -0.01)
(0.027 0.024 0)
(0.0255 0.0245 -0.01)
(0.0255 0.0245 0)
(0.026 0.0245 -0.01)
(0.026 0.0245 0)
(0.0255 0.025 -0.01)
(0.0255 0.025 0)
(0.026 0.025 -0.01)
(0.026 0.025 0)
(0.0265 0.0245 -0.01)
(0.0265 0.0245 0)
(0.027 0.0245 -0.01)
(0.027 0.0245 0)
(0.0265 0.025 -0.01)
(0.0265 0.025 0)
(0.027 0.025 -0.01)
(0.027 0.025 0)
(0.0275 0.0235 -0.01)
(0.0275 0.0235 0)
(0.028 0.0235 -0.01)
(0.028 0.0235 0)
(0.0275 0.024 -0.01)
(0.0275 0.024 0)
(0.028 0.024 -0.01)
(0.028 0.024 0)
(0.0285 0.0235 -0.01)
(0.0285 0.0235 0)
(0.029 0.0235 -0.01)
(0.029 0.0235 0)
(0.0285 0.024 -0.01)
(0.0285 0.024 0)
(0.029 0.024 -0.01)
(0.029 0.024 0)
(0.0275 0.0245 -0.01)
(0.0275 0.0245 0)
(0.028 0.0245 -0.01)
(0.028 0.0245 0)
(0.0275 0.025 -0.01)
(0.0275 0.025 0)
(0.028 0.025 -0.01)
(0.028 0.025 0)
(0.0285 0.0245 -0.01)
(0.0285 0.0245 0)
(0.029 0.0245 -0.01)
(0.029 0.0245 0)
(0.0285 0.025 -0.01)
(0.0285 0.025 0)
(0.029 0.025 -0.01)
(0.029 0.025 0)
(0.0255 0.0255001 -0.01)
(0.0255 0.0255001 0)
(0.026 0.0255001 -0.01)
(0.026 0.0255001 0)
(0.0255 0.0260005 -0.01)
(0.0255 0.0260005 0)
(0.026 0.0260005 -0.01)
(0.026 0.0260005 0)
(0.0265 0.0255001 -0.01)
(0.0265 0.0255001 0)
(0.027 0.0255001 -0.01)
(0.027 0.0255001 0)
(0.0265 0.0260005 -0.01)
(0.0265 0.0260005 0)
(0.027 0.0260005 -0.01)
(0.027 0.0260005 0)
(0.0255 0.0265023 -0.01)
(0.0255 0.0265023 0)
(0.026 0.0265023 -0.01)
(0.026 0.0265023 0)
(0.0255 0.0270086 -0.01)
(0.0255 0.0270086 0)
(0.026 0.0270086 -0.01)
(0.026 0.0270086 0)
(0.0265 0.0265023 -0.01)
(0.0265 0.0265023 0)
(0.027 0.0265023 -0.01)
(0.027 0.0265023 0)
(0.0265 0.0270086 -0.01)
(0.0265 0.0270086 0)
(0.027 0.0270086 -0.01)
(0.027 0.0270086 0)
(0.0275 0.0255001 -0.01)
(0.0275 0.0255001 0)
(0.028 0.0255001 -0.01)
(0.028 0.0255001 0)
(0.0275 0.0260005 -0.01)
(0.0275 0.0260005 0)
(0.028 0.0260005 -0.01)
(0.028 0.0260005 0)
(0.0285 0.0255001 -0.01)
(0.0285 0.0255001 0)
(0.029 0.0255001 -0.01)
(0.029 0.0255001 0)
(0.0285 0.0260005 -0.01)
(0.0285 0.0260005 0)
(0.029 0.0260005 -0.01)
(0.029 0.0260005 0)
(0.0275 0.0265023 -0.01)
(0.0275 0.0265023 0)
(0.028 0.0265023 -0.01)
(0.028 0.0265023 0)
(0.0275 0.0270086 -0.01)
(0.0275 0.0270086 0)
(0.028 0.0270086 -0.01)
(0.028 0.0270086 0)
(0.0285 0.0265023 -0.01)
(0.0285 0.0265023 0)
(0.029 0.0265023 -0.01)
(0.029 0.0265023 0)
(0.0285 0.0270086 -0.01)
(0.0285 0.0270086 0)
(0.029 0.0270086 -0.01)
(0.029 0.0270086 0)
(0.0215 0.0275245 -0.01)
(0.0215 0.0275245 0)
(0.022 0.0275245 -0.01)
(0.022 0.0275245 0)
(0.0215 0.0280525 -0.01)
(0.0215 0.0280525 0)
(0.022 0.0280525 -0.01)
(0.022 0.0280525 0)
(0.0225 0.0275245 -0.01)
(0.0225 0.0275245 0)
(0.023 0.0275245 -0.01)
(0.023 0.0275245 0)
(0.0105 0.017 -0.01)
(0.0105 0.017 0)
(0.011 0.017 -0.01)
(0.011 0.017 0)
(0.0115 0.017 -0.01)
(0.0115 0.017 0)
(0.012 0.017 -0.01)
(0.012 0.017 0)
(0.0125 0.017 -0.01)
(0.0125 0.017 0)
(0.013 0.017 -0.01)
(0.013 0.017 0)
(0.0095 0.0175 -0.01)
(0.0095 0.0175 0)
(0.01 0.0175 -0.01)
(0.01 0.0175 0)
(0.0095 0.018 -0.01)
(0.0095 0.018 0)
(0.01 0.018 -0.01)
(0.01 0.018 0)
(0.0105 0.0175 -0.01)
(0.0105 0.0175 0)
(0.011 0.0175 -0.01)
(0.011 0.0175 0)
(0.0105 0.018 -0.01)
(0.0105 0.018 0)
(0.011 0.018 -0.01)
(0.011 0.018 0)
(0.0095 0.0185 -0.01)
(0.0095 0.0185 0)
(0.01 0.0185 -0.01)
(0.01 0.0185 0)
(0.0095 0.019 -0.01)
(0.0095 0.019 0)
(0.01 0.019 -0.01)
(0.01 0.019 0)
(0.0105 0.0185 -0.01)
(0.0105 0.0185 0)
(0.011 0.0185 -0.01)
(0.011 0.0185 0)
(0.0105 0.019 -0.01)
(0.0105 0.019 0)
(0.011 0.019 -0.01)
(0.011 0.019 0)
(0.0115 0.0175 -0.01)
(0.0115 0.0175 0)
(0.012 0.0175 -0.01)
(0.012 0.0175 0)
(0.0115 0.018 -0.01)
(0.0115 0.018 0)
(0.012 0.018 -0.01)
(0.012 0.018 0)
(0.0125 0.0175 -0.01)
(0.0125 0.0175 0)
(0.013 0.0175 -0.01)
(0.013 0.0175 0)
(0.0125 0.018 -0.01)
(0.0125 0.018 0)
(0.013 0.018 -0.01)
(0.013 0.018 0)
(0.0115 0.0185 -0.01)
(0.0115 0.0185 0)
(0.012 0.0185 -0.01)
(0.012 0.0185 0)
(0.0115 0.019 -0.01)
(0.0115 0.019 0)
(0.012 0.019 -0.01)
(0.012 0.019 0)
(0.0125 0.0185 -0.01)
(0.0125 0.0185 0)
(0.013 0.0185 -0.01)
(0.013 0.0185 0)
(0.0125 0.019 -0.01)
(0.0125 0.019 0)
(0.013 0.019 -0.01)
(0.013 0.019 0)
(0.0055 0.0195 -0.01)
(0.0055 0.0195 0)
(0.006 0.0195 -0.01)
(0.006 0.0195 0)
(0.0055 0.02 -0.01)
(0.0055 0.02 0)
(0.006 0.02 -0.01)
(0.006 0.02 0)
(0.0065 0.0195 -0.01)
(0.0065 0.0195 0)
(0.007 0.0195 -0.01)
(0.007 0.0195 0)
(0.0065 0.02 -0.01)
(0.0065 0.02 0)
(0.007 0.02 -0.01)
(0.007 0.02 0)
(0.0055 0.0205 -0.01)
(0.0055 0.0205 0)
(0.006 0.0205 -0.01)
(0.006 0.0205 0)
(0.0055 0.021 -0.01)
(0.0055 0.021 0)
(0.006 0.021 -0.01)
(0.006 0.021 0)
(0.0065 0.0205 -0.01)
(0.0065 0.0205 0)
(0.007 0.0205 -0.01)
(0.007 0.0205 0)
(0.0065 0.021 -0.01)
(0.0065 0.021 0)
(0.007 0.021 -0.01)
(0.007 0.021 0)
(0.0075 0.0195 -0.01)
(0.0075 0.0195 0)
(0.008 0.0195 -0.01)
(0.008 0.0195 0)
(0.0075 0.02 -0.01)
(0.0075 0.02 0)
(0.008 0.02 -0.01)
(0.008 0.02 0)
(0.0085 0.0195 -0.01)
(0.0085 0.0195 0)
(0.009 0.0195 -0.01)
(0.009 0.0195 0)
(0.0085 0.02 -0.01)
(0.0085 0.02 0)
(0.009 0.02 -0.01)
(0.009 0.02 0)
(0.0075 0.0205 -0.01)
(0.0075 0.0205 0)
(0.008 0.0205 -0.01)
(0.008 0.0205 0)
(0.0075 0.021 -0.01)
(0.0075 0.021 0)
(0.008 0.021 -0.01)
(0.008 0.021 0)
(0.0085 0.0205 -0.01)
(0.0085 0.0205 0)
(0.009 0.0205 -0.01)
(0.009 0.0205 0)
(0.0085 0.021 -0.01)
(0.0085 0.021 0)
(0.009 0.021 -0.01)
(0.009 0.021 0)
(0.0055 0.0215 -0.01)
(0.0055 0.0215 0)
(0.006 0.0215 -0.01)
(0.006 0.0215 0)
(0.0055 0.022 -0.01)
(0.0055 0.022 0)
(0.006 0.022 -0.01)
(0.006 0.022 0)
(0.0065 0.0215 -0.01)
(0.0065 0.0215 0)
(0.007 0.0215 -0.01)
(0.007 0.0215 0)
(0.0065 0.022 -0.01)
(0.0065 0.022 0)
(0.007 0.022 -0.01)
(0.007 0.022 0)
(0.0055 0.0225 -0.01)
(0.0055 0.0225 0)
(0.006 0.0225 -0.01)
(0.006 0.0225 0)
(0.0055 0.023 -0.01)
(0.0055 0.023 0)
(0.006 0.023 -0.01)
(0.006 0.023 0)
(0.0065 0.0225 -0.01)
(0.0065 0.0225 0)
(0.007 0.0225 -0.01)
(0.007 0.0225 0)
(0.0065 0.023 -0.01)
(0.0065 0.023 0)
(0.007 0.023 -0.01)
(0.007 0.023 0)
(0.0075 0.0215 -0.01)
(0.0075 0.0215 0)
(0.008 0.0215 -0.01)
(0.008 0.0215 0)
(0.0225 0.0280525 -0.01)
(0.0225 0.0280525 0)
(0.023 0.0280525 -0.01)
(0.023 0.0280525 0)
(0.0215 0.0285825 -0.01)
(0.0215 0.0285825 0)
(0.022 0.0285825 -0.01)
(0.022 0.0285825 0)
(0.0215 0.0290895 -0.01)
(0.0215 0.0290895 0)
(0.022 0.0290895 -0.01)
(0.022 0.0290895 0)
(0.0225 0.0285825 -0.01)
(0.0225 0.0285825 0)
(0.023 0.0285825 -0.01)
(0.023 0.0285825 0)
(0.0225 0.0290895 -0.01)
(0.0225 0.0290895 0)
(0.023 0.0290895 -0.01)
(0.023 0.0290895 0)
(0.0235 0.0275245 -0.01)
(0.0235 0.0275245 0)
(0.024 0.0275245 -0.01)
(0.024 0.0275245 0)
(0.0235 0.0280525 -0.01)
(0.0235 0.0280525 0)
(0.024 0.0280525 -0.01)
(0.024 0.0280525 0)
(0.0245 0.0275245 -0.01)
(0.0245 0.0275245 0)
(0.025 0.0275245 -0.01)
(0.025 0.0275245 0)
(0.0245 0.0280525 -0.01)
(0.0245 0.0280525 0)
(0.025 0.0280525 -0.01)
(0.025 0.0280525 0)
(0.0235 0.0285825 -0.01)
(0.0235 0.0285825 0)
(0.024 0.0285825 -0.01)
(0.024 0.0285825 0)
(0.0235 0.0290895 -0.01)
(0.0235 0.0290895 0)
(0.024 0.0290895 -0.01)
(0.024 0.0290895 0)
(0.0245 0.0285825 -0.01)
(0.0245 0.0285825 0)
(0.025 0.0285825 -0.01)
(0.025 0.0285825 0)
(0.0245 0.0290895 -0.01)
(0.0245 0.0290895 0)
(0.025 0.0290895 -0.01)
(0.025 0.0290895 0)
(0.0215 0.0295583 -0.01)
(0.0215 0.0295583 0)
(0.022 0.0295583 -0.01)
(0.022 0.0295583 0)
(0.0225 0.0295583 -0.01)
(0.0225 0.0295583 0)
(0.023 0.0295583 -0.01)
(0.023 0.0295583 0)
(0.0235 0.0295583 -0.01)
(0.0235 0.0295583 0)
(0.024 0.0295583 -0.01)
(0.024 0.0295583 0)
(0.0245 0.0295583 -0.01)
(0.0245 0.0295583 0)
(0.025 0.0295583 -0.01)
(0.025 0.0295583 0)
(0.0255 0.0275245 -0.01)
(0.0255 0.0275245 0)
(0.026 0.0275245 -0.01)
(0.026 0.0275245 0)
(0.0255 0.0280525 -0.01)
(0.0255 0.0280525 0)
(0.026 0.0280525 -0.01)
(0.026 0.0280525 0)
(0.0265 0.0275245 -0.01)
(0.0265 0.0275245 0)
(0.027 0.0275245 -0.01)
(0.027 0.0275245 0)
(0.0265 0.0280525 -0.01)
(0.0265 0.0280525 0)
(0.027 0.0280525 -0.01)
(0.027 0.0280525 0)
(0.0255 0.0285825 -0.01)
(0.0255 0.0285825 0)
(0.026 0.0285825 -0.01)
(0.026 0.0285825 0)
(0.0255 0.0290895 -0.01)
(0.0255 0.0290895 0)
(0.026 0.0290895 -0.01)
(0.026 0.0290895 0)
(0.0265 0.0285825 -0.01)
(0.0265 0.0285825 0)
(0.027 0.0285825 -0.01)
(0.027 0.0285825 0)
(0.0265 0.0290895 -0.01)
(0.0265 0.0290895 0)
(0.027 0.0290895 -0.01)
(0.027 0.0290895 0)
(0.0275 0.0275245 -0.01)
(0.0275 0.0275245 0)
(0.028 0.0275245 -0.01)
(0.028 0.0275245 0)
(0.0275 0.0280525 -0.01)
(0.0275 0.0280525 0)
(0.028 0.0280525 -0.01)
(0.028 0.0280525 0)
(0.0285 0.0275245 -0.01)
(0.0285 0.0275245 0)
(0.029 0.0275245 -0.01)
(0.029 0.0275245 0)
(0.0285 0.0280525 -0.01)
(0.0285 0.0280525 0)
(0.029 0.0280525 -0.01)
(0.029 0.0280525 0)
(0.0275 0.0285825 -0.01)
(0.0275 0.0285825 0)
(0.028 0.0285825 -0.01)
(0.028 0.0285825 0)
(0.0275 0.0290895 -0.01)
(0.0275 0.0290895 0)
(0.028 0.0290895 -0.01)
(0.028 0.0290895 0)
(0.0285 0.0285825 -0.01)
(0.0285 0.0285825 0)
(0.029 0.0285825 -0.01)
(0.029 0.0285825 0)
(0.0285 0.0290895 -0.01)
(0.0285 0.0290895 0)
(0.029 0.0290895 -0.01)
(0.029 0.0290895 0)
(0.0255 0.0295583 -0.01)
(0.0255 0.0295583 0)
(0.026 0.0295583 -0.01)
(0.026 0.0295583 0)
(0.0265 0.0295583 -0.01)
(0.0265 0.0295583 0)
(0.027 0.0295583 -0.01)
(0.027 0.0295583 0)
(0.0075 0.022 -0.01)
(0.0075 0.022 0)
(0.008 0.022 -0.01)
(0.008 0.022 0)
(0.0085 0.0215 -0.01)
(0.0085 0.0215 0)
(0.009 0.0215 -0.01)
(0.009 0.0215 0)
(0.0085 0.022 -0.01)
(0.0085 0.022 0)
(0.009 0.022 -0.01)
(0.009 0.022 0)
(0.0075 0.0225 -0.01)
(0.0075 0.0225 0)
(0.008 0.0225 -0.01)
(0.008 0.0225 0)
(0.0075 0.023 -0.01)
(0.0075 0.023 0)
(0.008 0.023 -0.01)
(0.008 0.023 0)
(0.0085 0.0225 -0.01)
(0.0085 0.0225 0)
(0.009 0.0225 -0.01)
(0.009 0.0225 0)
(0.0085 0.023 -0.01)
(0.0085 0.023 0)
(0.009 0.023 -0.01)
(0.009 0.023 0)
(0.0095 0.0195 -0.01)
(0.0095 0.0195 0)
(0.01 0.0195 -0.01)
(0.01 0.0195 0)
(0.0095 0.02 -0.01)
(0.0095 0.02 0)
(0.01 0.02 -0.01)
(0.01 0.02 0)
(0.0105 0.0195 -0.01)
(0.0105 0.0195 0)
(0.011 0.0195 -0.01)
(0.011 0.0195 0)
(0.0105 0.02 -0.01)
(0.0105 0.02 0)
(0.011 0.02 -0.01)
(0.011 0.02 0)
(0.0095 0.0205 -0.01)
(0.0095 0.0205 0)
(0.01 0.0205 -0.01)
(0.01 0.0205 0)
(0.0095 0.021 -0.01)
(0.0095 0.021 0)
(0.01 0.021 -0.01)
(0.01 0.021 0)
(0.0105 0.0205 -0.01)
(0.0105 0.0205 0)
(0.011 0.0205 -0.01)
(0.011 0.0205 0)
(0.0105 0.021 -0.01)
(0.0105 0.021 0)
(0.011 0.021 -0.01)
(0.011 0.021 0)
(0.0115 0.0195 -0.01)
(0.0115 0.0195 0)
(0.012 0.0195 -0.01)
(0.012 0.0195 0)
(0.0115 0.02 -0.01)
(0.0115 0.02 0)
(0.012 0.02 -0.01)
(0.012 0.02 0)
(0.0125 0.0195 -0.01)
(0.0125 0.0195 0)
(0.013 0.0195 -0.01)
(0.013 0.0195 0)
(0.0125 0.02 -0.01)
(0.0125 0.02 0)
(0.013 0.02 -0.01)
(0.013 0.02 0)
(0.0115 0.0205 -0.01)
(0.0115 0.0205 0)
(0.012 0.0205 -0.01)
(0.012 0.0205 0)
(0.0115 0.021 -0.01)
(0.0115 0.021 0)
(0.012 0.021 -0.01)
(0.012 0.021 0)
(0.0125 0.0205 -0.01)
(0.0125 0.0205 0)
(0.013 0.0205 -0.01)
(0.013 0.0205 0)
(0.0125 0.021 -0.01)
(0.0125 0.021 0)
(0.013 0.021 -0.01)
(0.013 0.021 0)
(0.0095 0.0215 -0.01)
(0.0095 0.0215 0)
(0.01 0.0215 -0.01)
(0.01 0.0215 0)
(0.0095 0.022 -0.01)
(0.0095 0.022 0)
(0.01 0.022 -0.01)
(0.01 0.022 0)
(0.0105 0.0215 -0.01)
(0.0105 0.0215 0)
(0.011 0.0215 -0.01)
(0.011 0.0215 0)
(0.0105 0.022 -0.01)
(0.0105 0.022 0)
(0.011 0.022 -0.01)
(0.011 0.022 0)
(0.0095 0.0225 -0.01)
(0.0095 0.0225 0)
(0.01 0.0225 -0.01)
(0.01 0.0225 0)
(0.0095 0.023 -0.01)
(0.0095 0.023 0)
(0.01 0.023 -0.01)
(0.01 0.023 0)
(0.0105 0.0225 -0.01)
(0.0105 0.0225 0)
(0.011 0.0225 -0.01)
(0.011 0.0225 0)
(0.0105 0.023 -0.01)
(0.0105 0.023 0)
(0.011 0.023 -0.01)
(0.011 0.023 0)
(0.0115 0.0215 -0.01)
(0.0115 0.0215 0)
(0.012 0.0215 -0.01)
(0.012 0.0215 0)
(0.0115 0.022 -0.01)
(0.0115 0.022 0)
(0.012 0.022 -0.01)
(0.012 0.022 0)
(0.0125 0.0215 -0.01)
(0.0125 0.0215 0)
(0.013 0.0215 -0.01)
(0.013 0.0215 0)
(0.0125 0.022 -0.01)
(0.0125 0.022 0)
(0.013 0.022 -0.01)
(0.013 0.022 0)
(0.0115 0.0225 -0.01)
(0.0115 0.0225 0)
(0.012 0.0225 -0.01)
(0.012 0.0225 0)
(0.0115 0.023 -0.01)
(0.0115 0.023 0)
(0.012 0.023 -0.01)
(0.012 0.023 0)
(0.0125 0.0225 -0.01)
(0.0125 0.0225 0)
(0.013 0.0225 -0.01)
(0.013 0.0225 0)
(0.0125 0.023 -0.01)
(0.0125 0.023 0)
(0.013 0.023 -0.01)
(0.013 0.023 0)
(0.000441697 0.0235 -0.01)
(0.000441697 0.0235 0)
(0.000910547 0.0235 -0.01)
(0.000910547 0.0235 0)
(0.000441701 0.0240001 -0.01)
(0.000441701 0.0240001 0)
(0.000910552 0.0240001 -0.01)
(0.000910552 0.0240001 0)
(0.000441716 0.0245005 -0.01)
(0.000441716 0.0245005 0)
(0.00091057 0.0245003 -0.01)
(0.00091057 0.0245003 0)
(0.000441753 0.0250015 -0.01)
(0.000441753 0.0250015 0)
(0.000910625 0.025001 -0.01)
(0.000910625 0.025001 0)
(0.0275 0.0295583 -0.01)
(0.0275 0.0295583 0)
(0.028 0.0295583 -0.01)
(0.028 0.0295583 0)
(0.0285 0.0295583 -0.01)
(0.0285 0.0295583 0)
(0.029 0.0295583 -0.01)
(0.029 0.0295583 0)
(0.0295 0.0175 -0.01)
(0.0295 0.0175 0)
(0.03 0.0175 -0.01)
(0.03 0.0175 0)
(0.0295 0.018 -0.01)
(0.0295 0.018 0)
(0.03 0.018 -0.01)
(0.03 0.018 0)
(0.0305 0.0175 -0.01)
(0.0305 0.0175 0)
(0.031 0.0175 -0.01)
(0.031 0.0175 0)
(0.0305 0.018 -0.01)
(0.0305 0.018 0)
(0.031 0.018 -0.01)
(0.031 0.018 0)
(0.0295 0.0185 -0.01)
(0.0295 0.0185 0)
(0.03 0.0185 -0.01)
(0.03 0.0185 0)
(0.0295 0.019 -0.01)
(0.0295 0.019 0)
(0.03 0.019 -0.01)
(0.03 0.019 0)
(0.0305 0.0185 -0.01)
(0.0305 0.0185 0)
(0.031 0.0185 -0.01)
(0.031 0.0185 0)
(0.0305 0.019 -0.01)
(0.0305 0.019 0)
(0.031 0.019 -0.01)
(0.031 0.019 0)
(0.0315 0.0175 -0.01)
(0.0315 0.0175 0)
(0.032 0.0175 -0.01)
(0.032 0.0175 0)
(0.0315 0.018 -0.01)
(0.0315 0.018 0)
(0.032 0.018 -0.01)
(0.032 0.018 0)
(0.0325 0.0175 -0.01)
(0.0325 0.0175 0)
(0.033 0.0175 -0.01)
(0.033 0.0175 0)
(0.0325 0.018 -0.01)
(0.0325 0.018 0)
(0.033 0.018 -0.01)
(0.033 0.018 0)
(0.0315 0.0185 -0.01)
(0.0315 0.0185 0)
(0.032 0.0185 -0.01)
(0.032 0.0185 0)
(0.0315 0.019 -0.01)
(0.0315 0.019 0)
(0.032 0.019 -0.01)
(0.032 0.019 0)
(0.0325 0.0185 -0.01)
(0.0325 0.0185 0)
(0.033 0.0185 -0.01)
(0.033 0.0185 0)
(0.0325 0.019 -0.01)
(0.0325 0.019 0)
(0.033 0.019 -0.01)
(0.033 0.019 0)
(0.000441849 0.0255045 -0.01)
(0.000441849 0.0255045 0)
(0.000910741 0.0255028 -0.01)
(0.000910741 0.0255028 0)
(0.000441969 0.0260104 -0.01)
(0.000441969 0.0260104 0)
(0.000910887 0.0260069 -0.01)
(0.000910887 0.0260069 0)
(0.000442092 0.0265229 -0.01)
(0.000442092 0.0265229 0)
(0.000910839 0.0265154 -0.01)
(0.000910839 0.0265154 0)
(0.000441807 0.0270405 -0.01)
(0.000441807 0.0270405 0)
(0.000909969 0.0270312 -0.01)
(0.000909969 0.0270312 0)
(0.00141751 0.0235 -0.01)
(0.00141751 0.0235 0)
(0.00194745 0.0235 -0.01)
(0.00194745 0.0235 0)
(0.00141751 0.024 -0.01)
(0.00141751 0.024 0)
(0.00194745 0.024 -0.01)
(0.00194745 0.024 0)
(0.00247554 0.0235 -0.01)
(0.00247554 0.0235 0)
(0.00299141 0.0235 -0.01)
(0.00299141 0.0235 0)
(0.00247554 0.024 -0.01)
(0.00247554 0.024 0)
(0.00299141 0.024 -0.01)
(0.00299141 0.024 0)
(0.00141753 0.0245001 -0.01)
(0.00141753 0.0245001 0)
(0.00194746 0.0245001 -0.01)
(0.00194746 0.0245001 0)
(0.00141756 0.0250005 -0.01)
(0.00141756 0.0250005 0)
(0.00194747 0.0250002 -0.01)
(0.00194747 0.0250002 0)
(0.00247554 0.0245 -0.01)
(0.00247554 0.0245 0)
(0.00299142 0.0245 -0.01)
(0.00299142 0.0245 0)
(0.00247555 0.0250001 -0.01)
(0.00247555 0.0250001 0)
(0.00299142 0.025 -0.01)
(0.00299142 0.025 0)
(0.00349771 0.0235 -0.01)
(0.00349771 0.0235 0)
(0.00399954 0.0235 -0.01)
(0.00399954 0.0235 0)
(0.00349771 0.024 -0.01)
(0.00349771 0.024 0)
(0.00399954 0.024 -0.01)
(0.00399954 0.024 0)
(0.00449994 0.0235 -0.01)
(0.00449994 0.0235 0)
(0.00499999 0.0235 -0.01)
(0.00499999 0.0235 0)
(0.00449994 0.024 -0.01)
(0.00449994 0.024 0)
(0.00499999 0.024 -0.01)
(0.00499999 0.024 0)
(0.00349771 0.0245 -0.01)
(0.00349771 0.0245 0)
(0.00399954 0.0245 -0.01)
(0.00399954 0.0245 0)
(0.00349771 0.025 -0.01)
(0.00349771 0.025 0)
(0.00399954 0.025 -0.01)
(0.00399954 0.025 0)
(0.00449994 0.0245 -0.01)
(0.00449994 0.0245 0)
(0.00499999 0.0245 -0.01)
(0.00499999 0.0245 0)
(0.00449994 0.025 -0.01)
(0.00449994 0.025 0)
(0.00499999 0.025 -0.01)
(0.00499999 0.025 0)
(0.00141762 0.0255014 -0.01)
(0.00141762 0.0255014 0)
(0.00194747 0.0255007 -0.01)
(0.00194747 0.0255007 0)
(0.0014176 0.0260039 -0.01)
(0.0014176 0.0260039 0)
(0.00194734 0.0260021 -0.01)
(0.00194734 0.0260021 0)
(0.00247553 0.0255003 -0.01)
(0.00247553 0.0255003 0)
(0.00299141 0.0255001 -0.01)
(0.00299141 0.0255001 0)
(0.00247541 0.0260011 -0.01)
(0.00247541 0.0260011 0)
(0.00299135 0.0260007 -0.01)
(0.00299135 0.0260007 0)
(0.00141714 0.0265098 -0.01)
(0.00141714 0.0265098 0)
(0.00194664 0.0265061 -0.01)
(0.00194664 0.0265061 0)
(0.00141536 0.0270226 -0.01)
(0.00141536 0.0270226 0)
(0.0019445 0.0270163 -0.01)
(0.0019445 0.0270163 0)
(0.00247487 0.0265039 -0.01)
(0.00247487 0.0265039 0)
(0.00299105 0.0265029 -0.01)
(0.00299105 0.0265029 0)
(0.00247319 0.0270121 -0.01)
(0.00247319 0.0270121 0)
(0.00299009 0.0270099 -0.01)
(0.00299009 0.0270099 0)
(0.00349771 0.0255001 -0.01)
(0.00349771 0.0255001 0)
(0.00399954 0.0255001 -0.01)
(0.00399954 0.0255001 0)
(0.00349768 0.0260005 -0.01)
(0.00349768 0.0260005 0)
(0.00399953 0.0260005 -0.01)
(0.00399953 0.0260005 0)
(0.00449994 0.0255001 -0.01)
(0.00449994 0.0255001 0)
(0.00499999 0.0255001 -0.01)
(0.00499999 0.0255001 0)
(0.00449993 0.0260005 -0.01)
(0.00449993 0.0260005 0)
(0.00499999 0.0260005 -0.01)
(0.00499999 0.0260005 0)
(0.00349755 0.0265024 -0.01)
(0.00349755 0.0265024 0)
(0.00399948 0.0265023 -0.01)
(0.00399948 0.0265023 0)
(0.00349711 0.0270089 -0.01)
(0.00349711 0.0270089 0)
(0.00399931 0.0270087 -0.01)
(0.00399931 0.0270087 0)
(0.00449992 0.0265023 -0.01)
(0.00449992 0.0265023 0)
(0.00499999 0.0265023 -0.01)
(0.00499999 0.0265023 0)
(0.00449985 0.0270086 -0.01)
(0.00449985 0.0270086 0)
(0.00499997 0.0270086 -0.01)
(0.00499997 0.0270086 0)
(0.000440494 0.0275702 -0.01)
(0.000440494 0.0275702 0)
(0.000906954 0.0275575 -0.01)
(0.000906954 0.0275575 0)
(0.000436938 0.0280955 -0.01)
(0.000436938 0.0280955 0)
(0.00090008 0.0280906 -0.01)
(0.00090008 0.0280906 0)
(0.000431334 0.0286196 -0.01)
(0.000431334 0.0286196 0)
(0.000890283 0.0286178 -0.01)
(0.000890283 0.0286178 0)
(0.0335 0.0175 -0.01)
(0.0335 0.0175 0)
(0.034 0.0175 -0.01)
(0.034 0.0175 0)
(0.0335 0.018 -0.01)
(0.0335 0.018 0)
(0.034 0.018 -0.01)
(0.034 0.018 0)
(0.0345 0.0175 -0.01)
(0.0345 0.0175 0)
(0.035 0.0175 -0.01)
(0.035 0.0175 0)
(0.0345 0.018 -0.01)
(0.0345 0.018 0)
(0.035 0.018 -0.01)
(0.035 0.018 0)
(0.0335 0.0185 -0.01)
(0.0335 0.0185 0)
(0.034 0.0185 -0.01)
(0.034 0.0185 0)
(0.0335 0.019 -0.01)
(0.0335 0.019 0)
(0.034 0.019 -0.01)
(0.034 0.019 0)
(0.0345 0.0185 -0.01)
(0.0345 0.0185 0)
(0.035 0.0185 -0.01)
(0.035 0.0185 0)
(0.0345 0.019 -0.01)
(0.0345 0.019 0)
(0.035 0.019 -0.01)
(0.035 0.019 0)
(0.0355 0.0175 -0.01)
(0.0355 0.0175 0)
(0.0355 0.018 -0.01)
(0.0355 0.018 0)
(0.0355 0.0185 -0.01)
(0.0355 0.0185 0)
(0.0355 0.019 -0.01)
(0.0355 0.019 0)
(0.0295 0.0195 -0.01)
(0.0295 0.0195 0)
(0.03 0.0195 -0.01)
(0.03 0.0195 0)
(0.0295 0.02 -0.01)
(0.0295 0.02 0)
(0.03 0.02 -0.01)
(0.03 0.02 0)
(0.0305 0.0195 -0.01)
(0.0305 0.0195 0)
(0.031 0.0195 -0.01)
(0.031 0.0195 0)
(0.0305 0.02 -0.01)
(0.0305 0.02 0)
(0.031 0.02 -0.01)
(0.031 0.02 0)
(0.0295 0.0205 -0.01)
(0.0295 0.0205 0)
(0.03 0.0205 -0.01)
(0.03 0.0205 0)
(0.0295 0.021 -0.01)
(0.0295 0.021 0)
(0.03 0.021 -0.01)
(0.03 0.021 0)
(0.0305 0.0205 -0.01)
(0.0305 0.0205 0)
(0.031 0.0205 -0.01)
(0.031 0.0205 0)
(0.0305 0.021 -0.01)
(0.0305 0.021 0)
(0.031 0.021 -0.01)
(0.031 0.021 0)
(0.0315 0.0195 -0.01)
(0.0315 0.0195 0)
(0.032 0.0195 -0.01)
(0.032 0.0195 0)
(0.0315 0.02 -0.01)
(0.0315 0.02 0)
(0.032 0.02 -0.01)
(0.032 0.02 0)
(0.0325 0.0195 -0.01)
(0.0325 0.0195 0)
(0.033 0.0195 -0.01)
(0.033 0.0195 0)
(0.0325 0.02 -0.01)
(0.0325 0.02 0)
(0.033 0.02 -0.01)
(0.033 0.02 0)
(0.0315 0.0205 -0.01)
(0.0315 0.0205 0)
(0.032 0.0205 -0.01)
(0.032 0.0205 0)
(0.0315 0.021 -0.01)
(0.0315 0.021 0)
(0.032 0.021 -0.01)
(0.032 0.021 0)
(0.0325 0.0205 -0.01)
(0.0325 0.0205 0)
(0.033 0.0205 -0.01)
(0.033 0.0205 0)
(0.0325 0.021 -0.01)
(0.0325 0.021 0)
(0.033 0.021 -0.01)
(0.033 0.021 0)
(0.0295 0.0215 -0.01)
(0.0295 0.0215 0)
(0.03 0.0215 -0.01)
(0.03 0.0215 0)
(0.0295 0.022 -0.01)
(0.0295 0.022 0)
(0.03 0.022 -0.01)
(0.03 0.022 0)
(0.0305 0.0215 -0.01)
(0.0305 0.0215 0)
(0.031 0.0215 -0.01)
(0.031 0.0215 0)
(0.0305 0.022 -0.01)
(0.0305 0.022 0)
(0.031 0.022 -0.01)
(0.031 0.022 0)
(0.0295 0.0225 -0.01)
(0.0295 0.0225 0)
(0.03 0.0225 -0.01)
(0.03 0.0225 0)
(0.0295 0.023 -0.01)
(0.0295 0.023 0)
(0.03 0.023 -0.01)
(0.03 0.023 0)
(0.0305 0.0225 -0.01)
(0.0305 0.0225 0)
(0.031 0.0225 -0.01)
(0.031 0.0225 0)
(0.0305 0.023 -0.01)
(0.0305 0.023 0)
(0.031 0.023 -0.01)
(0.031 0.023 0)
(0.0315 0.0215 -0.01)
(0.0315 0.0215 0)
(0.032 0.0215 -0.01)
(0.032 0.0215 0)
(0.000428874 0.0291063 -0.01)
(0.000428874 0.0291063 0)
(0.000885302 0.029114 -0.01)
(0.000885302 0.029114 0)
(0.000433303 0.0295663 -0.01)
(0.000433303 0.0295663 0)
(0.000892647 0.0295708 -0.01)
(0.000892647 0.0295708 0)
(0.00141075 0.0275466 -0.01)
(0.00141075 0.0275466 0)
(0.00193954 0.0275372 -0.01)
(0.00193954 0.0275372 0)
(0.00140178 0.0280805 -0.01)
(0.00140178 0.0280805 0)
(0.00193064 0.028069 -0.01)
(0.00193064 0.028069 0)
(0.00246935 0.0275305 -0.01)
(0.00246935 0.0275305 0)
(0.00298781 0.0275268 -0.01)
(0.00298781 0.0275268 0)
(0.00246249 0.0280603 -0.01)
(0.00246249 0.0280603 0)
(0.00298353 0.0280554 -0.01)
(0.00298353 0.0280554 0)
(0.00138976 0.0286097 -0.01)
(0.00138976 0.0286097 0)
(0.00191886 0.0285979 -0.01)
(0.00191886 0.0285979 0)
(0.00138127 0.0291093 -0.01)
(0.00138127 0.0291093 0)
(0.00190831 0.0290997 -0.01)
(0.00190831 0.0290997 0)
(0.00245278 0.0285891 -0.01)
(0.00245278 0.0285891 0)
(0.0029769 0.0285846 -0.01)
(0.0029769 0.0285846 0)
(0.00244157 0.0290929 -0.01)
(0.00244157 0.0290929 0)
(0.00296802 0.02909 -0.01)
(0.00296802 0.02909 0)
(0.00349601 0.0275251 -0.01)
(0.00349601 0.0275251 0)
(0.00399885 0.0275246 -0.01)
(0.00399885 0.0275246 0)
(0.00349378 0.0280533 -0.01)
(0.00349378 0.0280533 0)
(0.00399786 0.0280526 -0.01)
(0.00399786 0.0280526 0)
(0.00449969 0.0275245 -0.01)
(0.00449969 0.0275245 0)
(0.00499992 0.0275245 -0.01)
(0.00499992 0.0275245 0)
(0.0044993 0.0280525 -0.01)
(0.0044993 0.0280525 0)
(0.00499979 0.0280525 -0.01)
(0.00499979 0.0280525 0)
(0.00348993 0.0285828 -0.01)
(0.00348993 0.0285828 0)
(0.00399595 0.0285824 -0.01)
(0.00399595 0.0285824 0)
(0.00348405 0.0290891 -0.01)
(0.00348405 0.0290891 0)
(0.00399277 0.0290891 -0.01)
(0.00399277 0.0290891 0)
(0.00449848 0.0285824 -0.01)
(0.00449848 0.0285824 0)
(0.00499947 0.0285824 -0.01)
(0.00499947 0.0285824 0)
(0.00449701 0.0290892 -0.01)
(0.00449701 0.0290892 0)
(0.0049989 0.0290894 -0.01)
(0.0049989 0.0290894 0)
(0.00137937 0.0295684 -0.01)
(0.00137937 0.0295684 0)
(0.00190285 0.0295629 -0.01)
(0.00190285 0.0295629 0)
(0.00242877 0.0295594 -0.01)
(0.00242877 0.0295594 0)
(0.00295818 0.0295581 -0.01)
(0.00295818 0.0295581 0)
(0.00347647 0.0295579 -0.01)
(0.00347647 0.0295579 0)
(0.00398906 0.029558 -0.01)
(0.00398906 0.029558 0)
(0.00449529 0.0295581 -0.01)
(0.00449529 0.0295581 0)
(0.00499836 0.0295582 -0.01)
(0.00499836 0.0295582 0)
(0.0055 0.0235 -0.01)
(0.0055 0.0235 0)
(0.006 0.0235 -0.01)
(0.006 0.0235 0)
(0.0055 0.024 -0.01)
(0.0055 0.024 0)
(0.006 0.024 -0.01)
(0.006 0.024 0)
(0.0065 0.0235 -0.01)
(0.0065 0.0235 0)
(0.007 0.0235 -0.01)
(0.007 0.0235 0)
(0.0065 0.024 -0.01)
(0.0065 0.024 0)
(0.007 0.024 -0.01)
(0.007 0.024 0)
(0.0055 0.0245 -0.01)
(0.0055 0.0245 0)
(0.006 0.0245 -0.01)
(0.006 0.0245 0)
(0.0055 0.025 -0.01)
(0.0055 0.025 0)
(0.006 0.025 -0.01)
(0.006 0.025 0)
(0.0065 0.0245 -0.01)
(0.0065 0.0245 0)
(0.007 0.0245 -0.01)
(0.007 0.0245 0)
(0.0315 0.022 -0.01)
(0.0315 0.022 0)
(0.032 0.022 -0.01)
(0.032 0.022 0)
(0.0325 0.0215 -0.01)
(0.0325 0.0215 0)
(0.033 0.0215 -0.01)
(0.033 0.0215 0)
(0.0325 0.022 -0.01)
(0.0325 0.022 0)
(0.033 0.022 -0.01)
(0.033 0.022 0)
(0.0315 0.0225 -0.01)
(0.0315 0.0225 0)
(0.032 0.0225 -0.01)
(0.032 0.0225 0)
(0.0315 0.023 -0.01)
(0.0315 0.023 0)
(0.032 0.023 -0.01)
(0.032 0.023 0)
(0.0325 0.0225 -0.01)
(0.0325 0.0225 0)
(0.033 0.0225 -0.01)
(0.033 0.0225 0)
(0.0325 0.023 -0.01)
(0.0325 0.023 0)
(0.033 0.023 -0.01)
(0.033 0.023 0)
(0.0335 0.0195 -0.01)
(0.0335 0.0195 0)
(0.034 0.0195 -0.01)
(0.034 0.0195 0)
(0.0335 0.02 -0.01)
(0.0335 0.02 0)
(0.034 0.02 -0.01)
(0.034 0.02 0)
(0.0345 0.0195 -0.01)
(0.0345 0.0195 0)
(0.035 0.0195 -0.01)
(0.035 0.0195 0)
(0.0345 0.02 -0.01)
(0.0345 0.02 0)
(0.035 0.02 -0.01)
(0.035 0.02 0)
(0.0335 0.0205 -0.01)
(0.0335 0.0205 0)
(0.034 0.0205 -0.01)
(0.034 0.0205 0)
(0.0335 0.021 -0.01)
(0.0335 0.021 0)
(0.034 0.021 -0.01)
(0.034 0.021 0)
(0.0345 0.0205 -0.01)
(0.0345 0.0205 0)
(0.035 0.0205 -0.01)
(0.035 0.0205 0)
(0.0345 0.021 -0.01)
(0.0345 0.021 0)
(0.035 0.021 -0.01)
(0.035 0.021 0)
(0.0355 0.0195 -0.01)
(0.0355 0.0195 0)
(0.0355 0.02 -0.01)
(0.0355 0.02 0)
(0.0355 0.0205 -0.01)
(0.0355 0.0205 0)
(0.0355 0.021 -0.01)
(0.0355 0.021 0)
(0.0335 0.0215 -0.01)
(0.0335 0.0215 0)
(0.034 0.0215 -0.01)
(0.034 0.0215 0)
(0.0335 0.022 -0.01)
(0.0335 0.022 0)
(0.034 0.022 -0.01)
(0.034 0.022 0)
(0.0345 0.0215 -0.01)
(0.0345 0.0215 0)
(0.035 0.0215 -0.01)
(0.035 0.0215 0)
(0.0345 0.022 -0.01)
(0.0345 0.022 0)
(0.035 0.022 -0.01)
(0.035 0.022 0)
(0.0335 0.0225 -0.01)
(0.0335 0.0225 0)
(0.034 0.0225 -0.01)
(0.034 0.0225 0)
(0.0335 0.023 -0.01)
(0.0335 0.023 0)
(0.034 0.023 -0.01)
(0.034 0.023 0)
(0.0345 0.0225 -0.01)
(0.0345 0.0225 0)
(0.035 0.0225 -0.01)
(0.035 0.0225 0)
(0.0345 0.023 -0.01)
(0.0345 0.023 0)
(0.035 0.023 -0.01)
(0.035 0.023 0)
(0.0355 0.0215 -0.01)
(0.0355 0.0215 0)
(0.0355 0.022 -0.01)
(0.0355 0.022 0)
(0.0355 0.0225 -0.01)
(0.0355 0.0225 0)
(0.0355 0.023 -0.01)
(0.0355 0.023 0)
(0 0.017 -0.01)
(0 0.017 0)
(0 0.0175 -0.01)
(0 0.0175 0)
(0 0.018 -0.01)
(0 0.018 0)
(0 0.0185 -0.01)
(0 0.0185 0)
(0 0.019 -0.01)
(0 0.019 0)
(0 0.0195 -0.01)
(0 0.0195 0)
(0 0.02 -0.01)
(0 0.02 0)
(0 0.0205 -0.01)
(0 0.0205 0)
(0 0.021 -0.01)
(0 0.021 0)
(0 0.0215 -0.01)
(0 0.0215 0)
(0 0.022 -0.01)
(0 0.022 0)
(0 0.0225 -0.01)
(0 0.0225 0)
(0 0.023 -0.01)
(0 0.023 0)
(0 0.0235 -0.01)
(0 0.0235 0)
(0 0.024 -0.01)
(0 0.024 0)
(0 0.0245005 -0.01)
(0 0.0245005 0)
(0 0.0250009 -0.01)
(0 0.0250009 0)
(0 0.0255059 -0.01)
(0 0.0255059 0)
(0 0.0260105 -0.01)
(0 0.0260105 0)
(0 0.0265327 -0.01)
(0 0.0265327 0)
(0 0.0270439 -0.01)
(0 0.0270439 0)
(0 0.0275928 -0.01)
(0 0.0275928 0)
(0 0.0280891 -0.01)
(0 0.0280891 0)
(0 0.0286333 -0.01)
(0 0.0286333 0)
(0 0.029084 -0.01)
(0 0.029084 0)
(0.000432129 0.03 -0.01)
(0.000432129 0.03 0)
(0.00549951 0.03 -0.01)
(0.00549951 0.03 0)
(0.00599997 0.03 -0.01)
(0.00599997 0.03 0)
(0.0065 0.03 -0.01)
(0.0065 0.03 0)
(0.007 0.03 -0.01)
(0.007 0.03 0)
(0.0075 0.03 -0.01)
(0.0075 0.03 0)
(0.008 0.03 -0.01)
(0.008 0.03 0)
(0.0085 0.03 -0.01)
(0.0085 0.03 0)
(0.009 0.03 -0.01)
(0.009 0.03 0)
(0.0095 0.03 -0.01)
(0.0095 0.03 0)
(0.01 0.03 -0.01)
(0.01 0.03 0)
(0.0105 0.03 -0.01)
(0.0105 0.03 0)
(0.011 0.03 -0.01)
(0.011 0.03 0)
(0.0115 0.03 -0.01)
(0.0115 0.03 0)
(0.012 0.03 -0.01)
(0.012 0.03 0)
(0.0125 0.03 -0.01)
(0.0125 0.03 0)
(0.013 0.03 -0.01)
(0.013 0.03 0)
(0.0295 0.03 -0.01)
(0.0295 0.03 0)
(0.03 0.03 -0.01)
(0.03 0.03 0)
(0.0305 0.03 -0.01)
(0.0305 0.03 0)
(0.031 0.03 -0.01)
(0.031 0.03 0)
(0.0315 0.03 -0.01)
(0.0315 0.03 0)
(0.032 0.03 -0.01)
(0.032 0.03 0)
(0.0325 0.03 -0.01)
(0.0325 0.03 0)
(0.033 0.03 -0.01)
(0.033 0.03 0)
(0.0335 0.03 -0.01)
(0.0335 0.03 0)
(0.034 0.03 -0.01)
(0.034 0.03 0)
(0.0345 0.03 -0.01)
(0.0345 0.03 0)
(0.035 0.03 -0.01)
(0.035 0.03 0)
(0.0355 0.03 -0.01)
(0.0355 0.03 0)
(0.0135 0.03 -0.01)
(0.0135 0.03 0)
(0.014 0.03 -0.01)
(0.014 0.03 0)
(0.0145 0.03 -0.01)
(0.0145 0.03 0)
(0.015 0.03 -0.01)
(0.015 0.03 0)
(0.0155 0.03 -0.01)
(0.0155 0.03 0)
(0.016 0.03 -0.01)
(0.016 0.03 0)
(0.0165 0.03 -0.01)
(0.0165 0.03 0)
(0.017 0.03 -0.01)
(0.017 0.03 0)
(0.0175 0.03 -0.01)
(0.0175 0.03 0)
(0.018 0.03 -0.01)
(0.018 0.03 0)
(0.0185 0.03 -0.01)
(0.0185 0.03 0)
(0.019 0.03 -0.01)
(0.019 0.03 0)
(0.0195 0.03 -0.01)
(0.0195 0.03 0)
(0.02 0.03 -0.01)
(0.02 0.03 0)
(0.0205 0.03 -0.01)
(0.0205 0.03 0)
(0.021 0.03 -0.01)
(0.021 0.03 0)
(0.0215 0.03 -0.01)
(0.0215 0.03 0)
(0.022 0.03 -0.01)
(0.022 0.03 0)
(0.0225 0.03 -0.01)
(0.0225 0.03 0)
(0.023 0.03 -0.01)
(0.023 0.03 0)
(0.0235 0.03 -0.01)
(0.0235 0.03 0)
(0.024 0.03 -0.01)
(0.024 0.03 0)
(0.0245 0.03 -0.01)
(0.0245 0.03 0)
(0.025 0.03 -0.01)
(0.025 0.03 0)
(0.0255 0.03 -0.01)
(0.0255 0.03 0)
(0.026 0.03 -0.01)
(0.026 0.03 0)
(0.0265 0.03 -0.01)
(0.0265 0.03 0)
(0.027 0.03 -0.01)
(0.027 0.03 0)
(0.0275 0.03 -0.01)
(0.0275 0.03 0)
(0.028 0.03 -0.01)
(0.028 0.03 0)
(0.0285 0.03 -0.01)
(0.0285 0.03 0)
(0.029 0.03 -0.01)
(0.029 0.03 0)
(0 0.0295679 -0.01)
(0 0.0295679 0)
(0.000913513 0.03 -0.01)
(0.000913513 0.03 0)
(0.0013667 0.03 -0.01)
(0.0013667 0.03 0)
(0.00190726 0.03 -0.01)
(0.00190726 0.03 0)
(0.00240723 0.03 -0.01)
(0.00240723 0.03 0)
(0.00295328 0.03 -0.01)
(0.00295328 0.03 0)
(0.00346729 0.03 -0.01)
(0.00346729 0.03 0)
(0.00398819 0.03 -0.01)
(0.00398819 0.03 0)
(0.00449414 0.03 -0.01)
(0.00449414 0.03 0)
(0.00499875 0.03 -0.01)
(0.00499875 0.03 0)
(0 0.03 -0.01)
(0 0.03 0)
)


// ************************************************************************* //
