/*--------------------------------*- C++ -*----------------------------------*\
| =========                 |                                                 |
| \\      /  F ield         | OpenFOAM: The Open Source CFD Toolbox           |
|  \\    /   O peration     | Version:  2306                                  |
|   \\  /    A nd           | Website:  www.openfoam.com                      |
|    \\/     M anipulation  |                                                 |
\*---------------------------------------------------------------------------*/
FoamFile
{
    version     2.0;
    format      ascii;
    arch        "LSB;label=32;scalar=64";
    class       labelList;
    location    "constant/polyMesh";
    object      faceProcAddressing;
}
// * * * * * * * * * * * * * * * * * * * * * * * * * * * * * * * * * * * * * //


7416
(
851
852
853
854
855
856
857
858
859
860
861
862
863
864
865
866
867
868
869
870
871
872
873
874
875
876
877
878
879
880
881
882
883
884
885
886
887
888
889
890
891
892
893
894
895
896
897
898
899
900
901
902
903
904
905
906
907
908
909
910
911
912
913
914
915
916
917
918
919
920
921
922
923
924
925
926
927
928
929
930
931
932
933
934
935
936
937
938
939
940
941
942
943
944
945
946
947
948
949
950
951
952
953
954
955
956
957
958
959
960
961
962
963
964
965
966
967
968
969
970
971
972
973
974
975
976
977
978
979
980
981
982
983
984
985
986
987
988
989
990
991
992
993
994
995
996
997
998
999
1000
1001
1002
1003
1004
1005
1006
1007
1008
1009
1010
1011
1012
1013
1014
1015
1016
1017
1018
1019
1020
1021
1022
1023
1024
1025
1026
1027
1028
1029
1030
1031
1032
1033
1034
1035
1036
1037
1038
1039
1040
1041
1042
1043
1044
1045
1046
1047
1048
1049
1050
1051
1052
1053
1054
1055
1056
1057
1058
1059
1060
1061
1062
1063
1064
1065
1066
1067
1068
1069
1070
1071
1072
1073
1074
1075
1076
1077
1078
1079
1080
1081
1082
1083
1084
1085
1086
1087
1088
1089
1090
1091
1092
1093
1094
1095
1096
1097
1098
1099
1100
1101
1102
1103
1104
1105
1106
1107
1108
1109
1110
1111
1112
1113
1114
1115
1116
1117
1118
1119
1121
4234
4235
4236
4237
4238
4239
4240
4241
4242
4243
4244
4245
4246
4247
4248
4249
4250
4251
4252
4254
4270
4271
4272
4273
4274
4275
4277
4278
4294
4295
4296
4297
4298
4299
4300
4301
4302
4303
4304
4305
4306
4307
4308
4309
4310
4311
4312
4313
4314
4315
4316
4317
4318
4319
4320
4321
4322
4323
4324
4325
4326
4327
4328
4329
4330
4331
4332
4333
4334
4335
4336
4337
4338
4339
4340
4341
4342
4343
4344
4345
4346
4347
4348
4349
4350
4351
4352
4353
4354
4355
4356
4357
4358
4359
4360
4361
4362
4363
4364
4366
4446
4447
4448
4449
4450
4451
4453
4454
4470
4471
4472
4473
4474
4475
4476
4477
4478
4479
4480
4481
4482
4483
4484
4485
4486
4487
4488
4489
4490
4491
4492
4493
4494
4495
4496
4497
4498
4499
4500
4501
4502
4503
4504
4505
4506
4507
4508
4509
4510
4511
4512
4513
4514
4515
4516
4517
4518
4519
4520
4521
4522
4523
4524
4525
4526
4527
4528
4529
4530
4531
4532
4533
4534
4535
4536
4537
4538
4539
4540
4542
4558
4559
4560
4561
4562
4563
4565
4566
4582
4583
4584
4585
4586
4587
4588
4589
4590
4591
4592
4593
4594
4595
4596
4597
4598
4599
4600
4601
4602
4603
4604
4605
4606
4607
4608
4609
4610
4611
4612
4613
4614
4615
4616
4617
4618
4619
4620
4621
4622
4623
4624
4625
4626
4627
4628
4629
4630
4631
4632
4633
4634
4635
4636
4637
4638
4639
4640
4641
4642
4643
4644
4645
4646
4647
4648
4649
4650
4651
4652
4654
4734
4735
4736
4737
4738
4739
4741
4742
4758
4759
4760
4761
4762
4763
4764
4765
4766
4767
4768
4769
4770
4771
4772
4773
4774
4775
4776
4777
4778
4779
4780
4781
4782
4783
4784
4785
4786
4787
4788
4789
4790
4791
4792
4793
4794
4795
4796
4797
4798
4799
4800
4801
4802
4803
4804
4805
4806
4807
4808
4809
4810
4811
4812
4813
4814
4815
4816
4817
4818
4819
4820
4821
4822
4823
4824
4825
4826
4827
4828
4830
4846
4847
4848
4849
4850
4851
4853
4854
4870
4871
4872
4873
4874
4875
4876
4877
4878
4879
4880
4881
4882
4883
4884
4885
4886
4887
4888
4889
4890
4891
4892
4893
4894
4895
4896
4897
4898
4899
4900
4901
4902
4903
4904
4905
4906
4907
4908
4909
4910
4911
4912
4913
4914
4915
4916
4917
4918
4919
4920
4921
4922
4923
4924
4925
4926
4927
4928
4929
4930
4931
4932
4933
4934
4935
4936
4937
4938
4939
4940
4942
5001
5002
5003
5004
5005
5006
5008
5009
5025
5026
5027
5028
5029
5030
5031
5032
5033
5034
5035
5036
5037
5038
5039
5040
5041
5042
5043
5044
5045
5046
5047
5048
5049
5050
5051
5052
5053
5054
5055
5056
5057
5058
5059
5060
5061
5062
5063
5064
5065
5066
5067
5068
5069
5070
5071
5072
5073
5074
5075
5076
5077
5078
5079
5080
5081
5082
5083
5084
5085
5086
5087
5088
5089
5090
5091
5092
5093
5094
5095
5097
5125
5126
5127
5128
5129
5130
5131
5132
5134
5135
5149
5150
5151
5152
5153
5154
5155
5156
5157
5158
5159
5160
5161
5162
5163
5164
5165
5166
5167
5168
5169
5170
5171
5172
5173
5174
5175
5176
5177
5178
5179
5180
5181
5182
5183
5184
5185
5186
5187
5188
5189
5190
5191
5192
5193
5194
5195
5196
5197
5198
5199
5201
5220
5221
5222
5223
5224
5225
5227
5228
5244
5245
5246
5247
5248
5249
5250
5251
5252
5253
5254
5255
5256
5257
5258
5259
5260
5261
5262
5263
5264
5265
5266
5267
5268
5269
5270
5271
5272
5273
5274
5275
5276
5277
5278
5279
5280
5281
5282
5283
5284
5285
5286
5287
5288
5289
5290
5291
5292
5293
5294
5295
5296
5297
5298
5299
5300
5301
5302
5303
5304
5305
5306
5307
5308
5309
5310
5311
5312
5313
5314
5315
5316
5317
5318
5319
5320
5321
5322
5323
5324
5325
5326
5327
5328
5329
5330
5331
5332
5333
5334
5335
5336
5337
5338
5339
5340
5341
5342
5343
5344
5345
5346
5347
5348
5349
5350
5351
5352
5353
5354
5355
5356
5357
5358
5359
5360
5361
5362
5363
5364
5365
5366
5367
5368
5369
5370
5371
5372
5373
5374
5375
5376
5377
5378
5379
5380
5381
5382
5383
5384
5385
5386
5387
5388
5389
5390
5391
5392
5393
5394
5395
5396
5397
5398
5399
5400
5401
5402
5403
5404
5405
5406
5407
5408
5409
5410
5411
5412
5413
5414
5415
5416
5417
5418
5419
5420
5421
5422
5423
5424
5425
5426
5427
5428
5429
5430
5431
5432
5433
5434
5435
5436
5437
5438
5439
5440
5441
5442
5443
5444
5445
5446
5447
5448
5449
5450
5451
5452
5453
5454
5455
5456
5457
5458
5459
5460
5461
5462
5463
5464
5465
5466
5467
5468
5469
5470
5471
5472
5473
5474
5475
5476
5477
5478
5479
5480
5481
5482
5483
5484
5485
5486
5487
5488
5489
5490
5491
5492
5493
5494
5495
5496
5497
5498
5499
5500
5501
5502
5503
5504
5505
5506
5507
5508
5509
5510
5511
5512
5513
5514
5515
5516
5517
5518
5519
5520
5521
5522
5523
5524
5525
5526
5527
5528
5529
5530
5531
5532
5533
5534
5535
5536
5537
5538
5539
5540
5541
5542
5543
5544
5545
5546
5547
5548
5549
5550
5551
5552
5553
5554
5555
5556
5557
5558
5559
5560
5561
5562
5563
5564
5565
5566
5567
5568
5569
5570
5571
5572
5573
5574
5575
5576
5577
5578
5579
5580
5581
5582
5583
5584
5585
5586
5587
5588
5589
5590
5591
5592
5593
5594
5595
5596
5597
5598
5599
5600
5601
5602
5603
5604
5605
5606
5607
5608
5609
5610
5611
5612
5613
5614
5615
5616
5617
5618
5619
5620
5621
5622
5623
5624
5625
5626
5627
5628
5629
5630
5631
5632
5633
5634
5635
5636
5637
5638
5639
5640
5641
5642
5643
5644
5645
5646
5647
5648
5649
5650
5651
5652
5653
5654
5655
5656
5657
5658
5659
5660
5661
5662
5663
5664
5665
5666
5667
5668
5669
5670
5671
5672
5673
5674
5675
5676
5677
5678
5679
5680
5681
5682
5683
5684
5685
5686
5687
5688
5689
5690
5691
5692
5693
5694
5695
5696
5697
5698
5699
5700
5701
5702
5703
5704
5705
5706
5707
5708
5709
5710
5711
5712
5713
5714
5715
5716
5717
5718
5719
5720
5721
5722
5723
5724
5725
5726
5727
5728
5729
5730
5731
5732
5733
5734
5735
5736
5737
5738
5739
5740
5741
5742
5743
5744
5745
5746
5747
5748
5749
5750
5751
5752
5753
5754
5755
5756
5757
5758
5759
5760
5761
5762
5763
5764
5765
5766
5767
5768
5769
5770
5771
5772
5773
5774
5775
5776
5777
5778
5779
5780
5781
5782
5783
5784
5785
5786
5787
5788
5789
5790
5791
5792
5793
5794
5795
5796
5797
5798
5799
5800
5801
5802
5803
5804
5805
5806
5807
5808
5809
5810
5811
5812
5813
5814
5815
5816
5817
5818
5819
5820
5821
5822
5823
5824
5825
5826
5827
5828
5829
5830
5831
5832
5833
5834
5835
5836
5837
5838
5839
5840
5841
5842
5843
5844
5845
5846
5847
5848
5849
5850
5851
5852
5853
5854
5855
5856
5857
5858
5859
5860
5861
5862
5863
5864
5865
5866
5867
5868
5869
5870
5871
5872
5873
5874
5875
5876
5877
5878
5879
5880
5881
5882
5883
5884
5885
5886
5887
5888
5889
5890
5891
5892
5893
5894
5895
5896
5897
5898
5899
5900
5901
5902
5903
5904
5905
5906
5907
5908
5909
5910
5911
5912
5913
5914
5915
5916
5917
5918
5919
5920
5921
5922
5923
5924
5925
5926
5927
5928
5929
5930
5931
5932
5933
5934
5935
5936
5937
5938
5939
5940
5941
5942
5943
5944
5945
5946
5947
5948
5949
5950
5951
5952
5953
5954
5955
5956
5957
5958
5959
5960
5961
5962
5963
5964
5965
5966
5967
5968
5969
5970
5971
5972
5973
5974
5975
5976
5977
5978
5979
5980
5981
5982
5983
5984
5985
5986
5987
5988
5989
5990
5991
5992
5993
5994
5995
5996
5997
5998
5999
6000
6001
6002
6003
6004
6005
6006
6007
6008
6009
6010
6011
6012
6013
6014
6015
6016
6017
6018
6019
6020
6021
6022
6023
6024
6025
6026
6027
6028
6029
6030
6031
6032
6033
6034
6035
6036
6037
6038
6039
6040
6041
6042
6043
6044
6045
6046
6047
6048
6049
6050
6051
6052
6053
6054
6055
6056
6057
6058
6059
6060
6061
6062
6063
6064
6065
6066
6067
6068
6069
6070
6071
6072
6073
6074
6075
6076
6077
6078
6079
6080
6081
6082
6083
6084
6085
6086
6087
6088
6089
6090
6091
6092
6093
6094
6095
6096
6097
6098
6099
6100
6101
6102
6103
6104
6122
6123
6127
6128
6131
6136
6137
6138
6139
6140
6141
6142
6143
6144
6145
6146
6147
6148
6149
6150
6151
6152
6153
6154
6155
6156
6157
6158
6159
6160
6161
6162
6163
6164
6165
6166
6167
6168
6169
6170
6171
6172
6173
6174
6175
6176
6177
6178
6179
6180
6181
6182
6183
6184
6185
6186
6187
6188
6189
6190
6191
6192
6193
6194
6195
6196
6197
6198
6200
6228
6229
6230
6231
6232
6233
6234
6235
6236
6237
6238
6239
6240
6241
6242
6243
6244
6245
6246
6247
6248
6249
6250
6251
6252
6253
6254
6255
6256
6257
6258
6259
6260
6261
6262
6263
6264
6265
6266
6267
6268
6269
6270
6271
6272
6273
6274
6275
6276
6277
6278
6279
6280
6281
6282
6283
6284
6285
6286
6287
6288
6289
6290
6291
6292
6293
6294
6295
6296
6298
6314
6315
6316
6317
6318
6319
6321
6322
6338
6339
6340
6341
6342
6343
6344
6345
6346
6347
6348
6349
6350
6351
6352
6353
6354
6355
6356
6357
6358
6359
6360
6361
6362
6363
6364
6365
6366
6367
6368
6369
6370
6371
6372
6373
6374
6375
6376
6377
6378
6379
6380
6381
6382
6383
6384
6385
6386
6387
6388
6389
6390
6391
6392
6393
6394
6395
6396
6397
6398
6399
6400
6401
6402
6403
6404
6405
6406
6407
6408
6410
7514
7515
7516
7517
7518
7519
7521
7522
7538
7539
7540
7541
7542
7543
7544
7545
7546
7547
7548
7549
7550
7551
7552
7553
7554
7555
7556
7557
7558
7559
7560
7561
7562
7563
7564
7565
7566
7567
7568
7569
7570
7571
7572
7573
7574
7575
7576
7577
7578
7579
7580
7581
7582
7583
7584
7585
7586
7587
7588
7589
7590
7591
7592
7593
7594
7595
7596
7597
7598
7599
7600
7601
7602
7603
7604
7605
7606
7607
7608
7610
7626
7627
7628
7629
7630
7631
7633
7634
7650
7651
7652
7653
7654
7655
7656
7657
7658
7659
7660
7661
7662
7663
7664
7665
7666
7667
7668
7669
7670
7671
7672
7673
7674
7675
7676
7677
7678
7679
7680
7681
7682
7683
7684
7685
7686
7687
7688
7689
7690
7691
7692
7693
7694
7695
7696
7697
7698
7699
7700
7701
7702
7703
7704
7705
7706
7707
7708
7709
7710
7711
7712
7713
7714
7715
7716
7717
7718
7719
7720
7722
7994
7995
7997
8035
8036
8037
8038
8039
8041
8047
8048
8049
8050
8051
8053
11380
11382
11383
11384
11385
11386
11387
11388
11389
11390
11391
11392
11393
11394
11395
11396
11397
11398
11399
11400
11401
11402
11403
11404
11405
11406
11407
11408
11409
11410
11411
11412
11413
11414
11415
11416
11417
11418
11419
11420
11421
11422
11423
11424
11425
11426
11427
11428
11429
11430
11431
11432
11433
11434
11435
11436
11437
11438
11439
11440
11441
11442
11443
11444
11445
11446
11447
11448
11449
11450
11451
11452
11453
11454
11455
11456
11457
11458
11459
11460
11461
11462
11463
11464
11465
11466
11467
11468
11469
11470
11471
11472
11473
11474
11475
11476
11477
11478
11479
11480
11481
11482
11483
11484
11485
11486
11487
11488
11489
11490
11491
11492
11493
11494
11495
11496
11497
11498
11499
11500
11501
11502
11503
11504
11505
11506
11507
11508
11509
11510
11511
11512
11513
11514
11515
11516
11517
11518
11519
11520
11521
11522
11523
11524
11525
11526
11527
11528
11529
11530
11531
11532
11533
11534
11535
11536
11537
11538
11539
11540
11541
11542
11543
11544
11545
11546
11547
11548
11549
11550
11551
11552
11553
11554
11555
11556
11557
11558
11559
11560
11561
11562
11563
11564
11565
11566
11567
11568
11569
11570
11571
11572
11573
11574
11575
11576
11577
11578
11579
11580
11581
11582
11583
11584
11585
11586
11587
11588
11589
11590
11591
11592
11593
11594
11595
11596
11597
11598
11599
11600
11601
11602
11603
11604
11605
11606
11607
11608
11609
11610
11611
11612
11613
11614
11615
11616
11617
11618
11619
11620
11621
11622
11623
11624
11625
11626
11627
11628
11629
11630
11631
11632
11633
11634
11635
11636
11637
11638
11639
11640
11641
11642
11643
11644
11645
11646
11647
11648
11649
11650
11651
11652
11653
11654
11655
11656
11657
11658
11659
11660
11661
11662
11663
11664
11665
11666
11667
11668
11669
11670
11671
11672
11673
11674
11675
11676
11677
11678
11679
11680
11681
11682
11683
11684
11685
11686
11687
11688
11689
11690
11691
11692
11693
11694
11695
11696
11697
11698
11699
11700
11701
11702
11703
11704
11705
11706
11707
11708
11709
11710
11711
11712
11713
11714
11715
11716
11717
11718
11719
11720
11721
11722
11723
11724
11725
11726
11727
11728
11729
11730
11731
11732
11733
11734
11735
11736
11737
11738
11739
11740
11741
11742
11743
11744
11745
11746
11747
11748
11749
11750
11751
11752
11753
11754
11755
11756
11757
11758
11759
11760
11761
11762
11763
11764
11765
11766
11767
11768
11769
11770
11771
11772
11773
11774
11775
11776
11777
11778
11779
11780
11781
11782
11783
11784
11785
11786
11787
11788
11789
11790
11791
11792
11793
11794
11795
11796
11797
11798
11799
11800
11801
11802
11803
11804
11805
11806
11807
11808
11809
11810
11811
11812
11813
11814
11815
11816
11817
11818
11819
11820
11821
11822
11823
11824
11825
11826
11827
11828
11829
11830
11831
11832
11833
11834
11835
11836
11837
11838
11839
11840
11841
11842
11843
11844
11845
11846
11847
11848
11849
11850
11851
11852
11853
11854
11855
11856
11857
11858
11859
11860
11861
11862
11863
11864
11865
11866
11867
11868
11869
11870
11871
11872
11873
11874
11875
11876
11877
11878
11879
11880
11881
11882
11883
11884
11885
11886
11887
11888
11889
11890
11891
11892
11893
11894
11895
11896
11897
11898
11899
11900
11901
11902
11903
11904
11905
11906
11907
11908
11909
11910
11911
11912
11913
11914
11915
11916
11917
11918
11919
11920
11921
11922
11923
11924
11925
11926
11927
11928
11929
11930
11931
11932
11933
11934
11935
11936
11937
11938
11939
11940
11941
11942
11943
11944
11945
11946
11947
11948
11949
11950
11951
11952
11953
11954
11955
11956
11957
11958
11959
11960
11961
11962
11963
11964
11965
11966
11967
11968
11969
11970
11971
11972
11973
11974
11975
11976
11977
11978
11979
11980
11981
11982
11983
11984
11985
11986
11987
11988
11989
11990
11991
11992
11993
11994
11995
11996
11997
11998
11999
12000
12001
12002
12003
12004
12005
12006
12007
12008
12009
12010
12011
12012
12013
12014
12015
12016
12017
12018
12019
12020
12021
12022
12023
12024
12025
12026
12027
12028
12029
12030
12031
12032
12033
12034
12035
12036
12037
12038
12039
12040
12041
12042
12043
12044
12045
12046
12047
12048
12049
12050
12051
12052
12053
12054
12055
12056
12057
12058
12059
12060
12061
12062
12063
12064
12065
12066
12067
12068
12069
12070
12071
12072
12073
12074
12075
12076
12077
12078
12079
12080
12081
12082
12083
12084
12085
12086
12087
12088
12089
12090
12091
12092
12093
12094
12095
12096
12097
12098
12099
12100
12101
12102
12103
12104
12105
12106
12107
12108
12109
12110
12111
12112
12113
12114
12115
12116
12117
12118
12119
12120
12121
12122
12123
12124
12125
12126
12127
12128
12129
12130
12131
12132
12133
12134
12135
12136
12137
12138
12139
12140
12141
12142
12143
12144
12145
12146
12147
12148
12149
12150
12151
12152
12153
12154
12155
12156
12157
12158
12159
12160
12161
12162
12163
12164
12165
12166
12167
12168
12169
12170
12171
12172
12173
12174
12175
12176
12177
12178
12179
12180
12181
12182
12183
12184
12185
12186
12187
12188
12189
12190
12191
12192
12193
12194
12195
12196
12197
12198
12199
12200
12201
12202
12203
12204
12205
12206
12207
12208
12209
12210
12211
12212
12213
12214
12215
12216
12217
12218
12219
12220
12221
12222
12223
12224
12225
12226
12227
12228
12229
12230
12231
12232
12233
12234
12235
12236
12237
12238
12239
12240
12241
12242
12243
12244
12245
12246
12247
12248
12249
12250
12251
12252
12253
12254
12255
12256
12257
12258
12259
12260
12261
12262
12263
12264
12265
12266
12267
12268
12269
12270
12271
12272
12273
12274
12275
12276
12277
12278
12279
12280
12281
12282
12283
12284
12285
12286
12287
12288
12289
12290
12291
12292
12293
12294
12295
12296
12297
12298
12299
12300
12301
12302
12303
12304
12305
12306
12307
12308
12309
12310
12311
12312
12313
12314
12315
12316
12317
12318
12319
12320
12321
12322
12323
12324
12325
12326
12327
12328
12329
12330
12331
12332
12333
12334
12335
12336
12337
12338
12339
12340
12341
12342
12343
12344
12345
12346
12347
12348
12349
12350
12351
12352
12353
12354
12355
12356
12357
12358
12359
12360
12361
12362
12363
12364
12365
12366
12367
12368
12369
12370
12371
12372
12373
12374
12375
12376
12377
12378
12379
12380
12381
12382
12383
12384
12385
12386
12387
12388
12389
12390
12391
12392
12393
12394
12395
12396
12397
12398
12399
12400
12401
12402
12403
12404
12405
12406
12407
12408
12409
12410
12411
12412
12413
12414
12415
12416
12417
12418
12419
12420
12421
12422
12423
12424
12425
12426
12427
12428
12429
12430
12431
12432
12433
12434
12435
12436
12437
12438
12439
12440
12441
12442
12443
12444
12445
12446
12447
12448
12449
12450
12451
12452
12453
12454
12455
12456
12457
12458
12459
12460
12461
12462
12463
12464
12465
12466
12467
12468
12469
12470
12471
12472
12473
12474
12475
12476
12477
12478
12479
12480
12481
12482
12483
12484
12485
12486
12487
12488
12489
12490
12491
12492
12493
12494
12495
12496
12497
12498
12499
12500
12501
12502
12503
12504
12505
12506
12507
12508
12509
12510
12511
12512
12513
12514
12515
12516
12517
12518
12519
12520
12521
12522
12523
12524
12525
12526
12527
12528
12529
12530
12531
12532
12533
12534
12535
12536
12537
12538
12539
12540
12541
12542
12543
12544
12545
12546
12547
12548
12549
12550
12551
12552
12553
12554
12555
12556
12557
12558
12559
12560
12561
12562
12563
12564
12565
12566
12567
12568
12569
12570
12571
12572
12573
12574
12575
12576
12577
12578
12579
12580
12581
12582
12583
12584
12585
12586
12587
12588
12589
12590
12591
12592
12593
12594
12595
12596
12597
12598
12599
12600
12601
12602
12603
12604
12605
12606
12607
12608
12609
12610
12611
12612
12613
12614
12615
12616
12617
12618
12619
12620
12621
12622
12623
12624
12625
12626
12627
12628
12629
12630
12631
12632
12633
12634
12635
12636
12637
12638
12639
12640
12641
12642
12643
12644
12645
12646
12647
12648
12649
12650
12651
12652
12653
12654
12655
12656
12657
12658
12659
12660
12661
12662
12664
12674
12676
12718
12720
12730
12732
12902
12904
12914
12916
12958
12960
12970
12972
13142
13143
13144
13145
13146
13147
13148
13149
13150
13151
13152
13153
13154
13155
13156
13157
13158
13159
13160
13161
13162
13163
13164
13165
13166
13167
13168
13169
13170
13171
13172
13173
13174
13175
13176
13177
13178
13179
13180
13181
13182
13183
13184
13185
13186
13187
13188
13189
13190
13191
13192
13193
13194
13195
13196
13197
13198
13199
13200
13201
13202
13203
13204
13205
13206
13207
13208
13209
13210
13211
13212
13213
13214
13215
13216
13217
13218
13219
13220
13221
13222
13223
13224
13225
13226
13227
13228
13229
13230
13231
13232
13233
13234
13235
13237
13245
13246
13247
13248
13249
13251
13289
13290
13291
13292
13293
16502
16503
16504
16505
16506
16507
16508
16509
16510
16511
16512
16513
16520
16921
16922
16923
16924
16925
16926
16927
16928
16929
16930
16931
16932
16933
16934
16935
16936
16937
16938
16939
16940
16941
16942
16943
16944
16945
16946
16947
16948
16949
16950
16951
16952
16953
16954
16955
16956
16957
16958
16959
16960
16961
16962
16963
16964
16965
16966
16967
16968
16969
16970
16971
16972
16973
16974
16975
16976
16977
16978
16979
16980
16981
16982
16983
16984
16985
16986
16987
16988
16989
16990
16991
16992
16993
16994
16995
16996
16997
16998
16999
17000
17001
17002
17003
17004
17005
17006
17007
17008
17009
17010
17011
17012
17013
17014
17015
17016
17017
17018
17019
17020
17021
17022
17023
17024
17025
17026
17027
17028
17029
17030
17031
17032
17033
17034
17035
17036
17037
17038
17039
17040
17041
17042
17043
17044
17141
17142
17143
17144
17145
17146
17147
17148
17149
17150
17151
17152
17554
17555
17556
17557
17558
17559
17560
17561
17562
17563
17564
17565
17566
17567
17568
17569
17570
17571
17572
17573
17574
17575
17576
17577
17578
17579
17580
17581
17582
17583
17584
17585
17586
17587
17588
17589
17590
17591
17592
17593
17594
17595
17596
17597
17598
17599
17600
17601
17602
17603
17604
17605
17606
17607
17608
17609
17610
17611
17612
17613
17614
17615
17616
17617
17618
17619
17620
17621
17622
17623
17624
17625
17626
17627
17628
17629
17630
17631
17632
17633
17634
17635
17636
17637
17638
17639
17640
17641
17642
17643
17644
17645
17646
17647
17648
17649
17650
17651
17652
17653
17654
17655
17656
17657
17658
17659
17660
17661
17662
17663
17664
17665
17666
17667
17668
17669
17670
17671
17672
17673
17674
17675
17676
19825
19829
19831
19833
19835
19837
19841
19845
19847
19849
19851
19853
19889
19895
19897
20175
20177
20179
20181
20183
20185
20187
20189
20191
20193
20195
20197
20199
20201
20203
20205
20207
20209
20211
20213
20215
20217
20219
20221
20223
20225
20227
20229
20231
20233
20235
20237
20239
20241
20247
20249
20271
20273
20279
20281
20303
20305
20307
20309
20311
20313
20315
20317
20319
20321
20323
20325
20327
20329
20331
20333
20335
20337
20339
20341
20343
20345
20347
20349
20351
20353
20355
20357
20359
20361
20363
20365
20367
20369
20375
20377
20399
20401
20407
20409
21159
21163
21166
21169
21171
21173
21209
21213
21215
21217
21219
21221
21231
21233
21235
21237
21239
21242
21245
21247
21249
21251
21253
21255
21257
21259
21261
21263
21265
21267
21269
21271
21273
21275
21277
21280
21282
21284
21286
21289
21291
21294
21296
21298
21300
21302
21304
21306
21308
21310
21312
21315
21317
21319
21321
21323
21326
21328
21330
21332
21335
21338
21340
21342
21344
21347
21482
21484
21486
21488
21490
21492
21494
21496
21498
21500
21502
21504
21506
21508
21510
21512
21514
21516
21518
21520
21522
21524
21525
21526
21527
21528
21529
21530
21531
21532
21534
21536
21538
21540
21541
21542
21543
21544
21545
21546
21547
21548
21554
21556
21578
21580
21586
21588
21589
21591
21593
21595
21605
21607
21609
21610
21611
21612
21614
21616
21618
21620
21622
21624
21626
21628
21630
21632
21634
21636
21638
21640
21642
21644
21646
21648
21650
21652
21654
21656
21658
21660
21662
21664
21666
21668
21670
21672
21674
21676
21783
21785
21787
21789
21799
21801
21803
21805
21847
21849
21851
21853
21861
21863
21865
21867
21869
21871
21873
21875
21877
21879
21881
21883
21885
21887
21889
21891
21893
21895
21897
21899
21901
21903
21905
21907
21909
21911
21913
21915
21917
21919
21921
21923
21925
21927
21929
21931
21933
21935
21937
21939
21941
21943
21945
21947
21949
21951
21953
21955
21957
21959
21961
21963
21965
21967
21969
21971
21973
21975
21977
21979
21981
21983
21984
21985
21986
21987
21988
21989
21990
21991
21992
21993
21994
21995
21996
21997
21998
21999
22000
22001
22002
22003
22004
22005
22006
22007
22008
22009
22010
22011
22012
22013
22014
22015
22016
22017
22018
22019
22020
22021
22022
22023
22024
22025
22026
22027
22028
22029
22030
22031
22032
22033
22034
22035
22036
22037
22038
22039
22040
22041
22042
22043
22044
22045
22046
22047
22049
22050
22051
22053
22055
22056
22057
22058
22059
22061
22064
22067
22069
22071
22073
22075
22077
22079
22080
22081
22083
22086
22088
22090
22093
22095
22096
22097
22098
22099
22100
22101
22102
22103
22104
22105
22106
22107
22108
22109
22110
22111
22112
22113
22114
22115
22116
22117
22118
22119
22120
22121
22122
22123
22124
22125
22126
22127
22128
22129
22130
22131
22132
22133
22134
22135
22136
22137
22138
22139
22140
22141
22142
22143
22144
22145
22146
22147
22148
22149
22150
22151
22152
22153
22154
22155
22156
22157
22158
22159
22160
22161
22162
22163
22165
22167
22168
22169
22170
22171
22173
22175
22177
22180
22182
22184
22187
22189
22190
22191
22192
22193
22195
22197
22198
22199
22200
22201
22203
22205
22207
22210
22212
22214
22216
22218
22220
22222
22224
22226
22229
22231
22233
22235
22237
22239
22241
22243
22245
22247
22249
22251
22253
22255
22257
22259
22261
22263
22265
22267
22269
22271
22273
22275
22277
22279
22281
22283
22285
22287
22289
22291
22293
22295
22297
22299
22301
22303
22305
22307
22309
22311
22313
22315
22317
22319
22322
22325
22327
22329
22331
22333
22335
22338
22340
22342
22344
22346
22348
22350
22352
22354
22356
22358
22360
22362
22364
22366
22368
22370
22372
22374
22376
22378
22380
22382
22384
22386
22388
22390
22392
22395
22398
22400
22402
22404
22406
22408
22411
22413
22415
22417
22419
22421
22423
22425
22427
22429
22431
22434
22436
22438
22441
22443
22445
22447
22449
22451
22453
22455
22457
22459
22461
22463
22465
22467
22469
22471
22473
22475
22477
22479
22481
22483
22485
22487
22489
22491
22493
22495
22497
22499
22501
22503
22505
22507
22509
22511
22513
22515
22517
22519
22521
22523
22526
22528
22531
22533
22535
22537
22540
22542
22544
22547
22549
22552
22555
22557
22559
22561
22563
22565
22567
22569
22571
22573
22575
22577
22579
22581
22583
22585
22587
22589
22591
22593
22595
22597
22599
22601
22603
22605
22607
22609
22611
22613
22615
22617
22619
22621
22623
22625
22627
22629
22631
22633
22635
22637
22639
22641
22643
22645
22647
22649
22651
22653
22655
22657
22659
22661
22663
22665
22667
22669
22671
22673
22675
22677
22679
22681
22683
22685
22687
22689
22692
22695
22698
22701
22703
22705
22707
22709
22711
22713
22715
22717
22719
22721
22723
22725
22727
22729
22731
22733
22735
22737
22739
22741
22743
22745
22747
22749
22751
22753
22755
22757
22759
22761
22763
22765
22768
22771
22774
22777
22779
22781
22783
22785
22787
22789
22791
22793
22795
22797
22799
22801
22803
22805
22807
22809
22811
22813
22815
22817
22819
22821
22823
22825
22827
22829
22831
22833
22835
22837
22839
22841
22843
22845
22847
22849
22851
22853
22855
22857
22859
22861
22863
22865
22867
22869
22871
22873
22875
22877
22879
22881
22883
22885
22888
22890
22892
22895
22897
22899
22901
22903
22905
22907
22909
22911
22913
22915
22918
22920
22923
22925
22927
22929
22931
22933
22936
22938
22940
22942
22945
22947
22949
22952
22954
22957
22960
22962
22964
22966
22968
22970
22972
22974
22976
22978
22980
22982
22984
22986
22988
22990
22992
22994
22996
22998
23000
23002
23004
23006
23008
23010
23012
23014
23016
23018
23020
23022
23024
23026
23028
23030
23032
23034
23036
23038
23040
23042
23044
23046
23048
23050
23052
23054
23056
23058
23060
23062
23064
23066
23068
23070
23072
23074
23076
23078
23080
23082
23084
23086
23088
23091
23094
23097
23100
23102
23104
23106
23108
23110
23112
23114
23116
23118
23120
23122
23124
23126
23128
23130
23132
23134
23137
23139
23141
23143
23145
23147
23149
23151
23153
23155
23157
23159
23161
23163
23166
23169
23172
23175
23176
23177
23178
23179
23180
23181
23182
23183
23184
23185
23186
23187
23188
23189
23190
23191
23192
23193
23194
23195
23196
23197
23198
23199
23200
23201
23202
23203
23204
23205
23206
23207
23208
23209
23210
23211
23212
23213
23214
23215
23216
23217
23218
23219
23220
23221
23222
23223
23224
23225
23226
23227
23228
23229
23230
23231
23232
23233
23234
23235
23236
23237
23238
23239
23240
23241
23243
23245
23246
23247
23248
23249
23251
23253
23256
23258
23261
23263
23265
23267
23268
23269
23270
23271
23273
23275
23276
23277
23278
23279
23281
23283
23285
23287
23289
23291
23293
23295
23297
23299
23300
23301
23302
23303
23304
23305
23306
23307
23308
23309
23310
23311
23312
23313
23314
23315
23316
23317
23318
23319
23320
23321
23322
23323
23324
23325
23326
23327
23328
23329
23330
23331
23332
23333
23334
23335
23336
23337
23338
23339
23340
23341
23342
23343
23344
23345
23346
23347
23348
23349
23350
23351
23352
23353
23354
23355
23356
23357
23358
23359
23360
23361
23362
23363
23364
23365
23367
23369
23370
23371
23372
23374
23377
23379
23381
23383
23385
23387
23389
23391
23392
23393
23394
23395
23397
23399
23400
23401
23402
23403
23405
23407
23409
23411
23413
23415
23417
23419
23421
23424
23427
23429
23431
23434
23436
23438
23441
23443
23446
23448
23450
23452
23454
23456
23458
23461
23463
23465
23469
23471
23475
23477
23480
23482
23483
23484
23485
23486
23487
23488
23489
23490
23491
23492
23493
23494
23495
23496
23497
23498
23499
23500
23501
23502
23503
23504
23505
23506
23507
23508
23509
23510
23511
23512
23513
23514
23515
23516
23517
23518
23519
23520
23521
23522
23523
23524
23525
23526
23527
23528
23529
23530
23531
23532
23533
23534
23535
23536
23537
23538
23539
23540
23541
23542
23543
23544
23545
23546
23547
23548
23550
23552
23553
23554
23555
23556
23558
23560
23562
23564
23566
23568
23570
23572
23574
23576
23577
23578
23579
23580
23582
23584
23585
23586
23587
23589
23592
23594
23596
23598
23600
23602
23604
23606
23607
23608
23609
23610
23611
23612
23613
23614
23615
23616
23617
23618
23619
23620
23621
23622
23623
23624
23625
23626
23627
23628
23629
23630
23631
23632
23633
23634
23635
23636
23637
23638
23639
23640
23641
23642
23643
23644
23645
23646
23647
23648
23649
23650
23651
23652
23653
23654
23655
23656
23657
23658
23659
23660
23661
23662
23663
23664
23665
23666
23667
23668
23669
23670
23671
23672
23674
23676
23677
23678
23679
23680
23682
23684
23686
23688
23690
23692
23694
23696
23698
23700
23701
23702
23703
23705
23707
23708
23709
23710
23712
23714
23716
23718
23720
23722
23724
23726
23729
23731
23735
23737
23740
23742
23744
23747
23749
23751
23754
23756
23758
23761
23763
23765
23768
23770
23772
23775
23777
23779
23782
23784
23786
23788
23790
23792
23794
23796
23798
23800
23802
23804
23806
23808
23810
23812
23814
23816
23818
23820
23822
23825
23827
23830
23832
23835
23837
23839
23841
23843
23845
23847
23849
23851
23853
23856
23858
23861
23863
23865
23867
23869
23871
23873
23875
23877
23879
23881
23883
23885
23887
23889
23891
23893
23895
23897
23899
23901
23903
23905
23907
23909
23911
23913
23915
23917
23919
23921
23923
23926
23928
23930
23932
23934
23936
23938
23940
23942
23944
23947
23949
23952
23954
23956
23958
23960
23962
23964
23966
23968
23970
23973
23975
23978
23980
23982
23984
23986
23988
23990
23992
23994
23996
23998
24000
24002
24004
24006
24008
24010
24012
24014
24016
24018
24020
24022
24024
24026
24028
24030
24032
24034
24036
24038
24040
24042
24044
24046
24048
24050
24052
24054
24056
24058
24063
24067
24070
24072
24075
24077
24080
24447
24449
24451
24453
24455
24457
24459
24461
24463
24465
24467
24469
24471
24473
24475
24477
24479
24481
24483
24485
24487
24489
24491
24493
24495
24497
24499
24501
24503
24505
24507
24509
24511
24513
24519
24521
24543
24545
24551
24553
24575
24577
24579
24581
24583
24585
24587
24589
24591
24593
24595
24597
24599
24601
24603
24605
24607
24609
24611
24613
24615
24617
24619
24621
24623
24625
24627
24629
24631
24633
24635
24637
24639
24641
24647
24649
24671
24673
24679
24681
24759
24761
24763
24765
24767
24769
24771
24773
24775
24777
24779
24781
24783
24785
24787
24789
24791
24793
24795
24797
24799
24801
24803
24805
24807
24809
24811
24813
24815
24817
24819
24821
24823
24825
24831
24833
24855
24857
24863
24865
24887
24888
24890
24891
24893
25404
25502
25503
25504
25505
25506
25507
25508
25509
25510
25511
25512
25513
25915
25916
25917
25918
25919
25920
25921
25922
25923
25924
25925
25926
25927
25928
25929
25930
25931
25932
25933
25934
25935
25936
25937
25938
25939
25940
25941
25942
25943
25944
25945
25946
25947
25948
25949
25950
25951
25952
25953
25954
25955
25956
25957
25958
25959
25960
25961
25962
25963
25964
25965
25966
25967
25968
25969
25970
25971
25972
25973
25974
25975
25976
25977
25978
25979
25980
25981
25982
25983
25984
25985
25986
25987
25988
25989
25990
25991
25992
25993
25994
25995
25996
25997
25998
25999
26000
26001
26002
26003
26004
26005
26006
26007
26008
26009
26010
26011
26012
26013
26014
26015
26016
26017
26018
26019
26020
26021
26022
26023
26024
26025
26026
26027
26028
26029
26030
26031
26032
26033
26034
26035
26036
26037
28185
28189
28191
28193
28195
28197
28201
28205
28207
28209
28211
28213
28249
28255
28257
28535
28537
28539
28541
28543
28545
28547
28549
28551
28553
28555
28557
28559
28561
28563
28565
28567
28569
28571
28573
28575
28577
28579
28581
28583
28585
28587
28589
28591
28593
28595
28597
28599
28601
28607
28609
28631
28633
28639
28641
28663
28665
28667
28669
28671
28673
28675
28677
28679
28681
28683
28685
28687
28689
28691
28693
28695
28697
28699
28701
28703
28705
28707
28709
28711
28713
28715
28717
28719
28721
28723
28725
28727
28729
28735
28737
28759
28761
28767
28769
29521
29525
29527
29530
29532
29534
29570
29574
29576
29578
29580
29582
29592
29594
29596
29598
29601
29603
29606
29608
29610
29612
29614
29616
29619
29621
29623
29625
29627
29629
29631
29633
29635
29637
29639
29641
29644
29646
29648
29651
29653
29655
29657
29659
29661
29663
29665
29667
29669
29671
29674
29677
29679
29681
29683
29685
29687
29690
29692
29694
29696
29699
29701
29703
29706
29708
29843
29845
29847
29849
29851
29853
29855
29857
29859
29861
29863
29865
29867
29869
29871
29873
29875
29877
29879
29881
29883
29885
29886
29887
29888
29889
29890
29891
29892
29893
29895
29897
29899
29901
29902
29903
29904
29905
29906
29907
29908
29909
29915
29917
29939
29941
29947
29949
29950
29952
29954
29956
29966
29968
29970
29971
29972
29973
29975
29977
29979
29981
29983
29985
29987
29989
29991
29993
29995
29997
29999
30001
30003
30005
30007
30009
30011
30013
30015
30017
30019
30021
30023
30025
30027
30029
30031
30033
30035
30037
30145
30147
30149
30151
30161
30163
30165
30167
30209
30211
30213
30215
30223
30225
30227
30229
30231
30233
30235
30237
30239
30241
30243
30245
30247
30249
30251
30253
30255
30257
30259
30261
30263
30265
30267
30269
30271
30273
30275
30277
30279
30281
30283
30285
30287
30289
30291
30293
30295
30297
30299
30301
30303
30305
30307
30309
30311
30313
30315
30317
30319
30321
30323
30325
30327
30329
30331
30333
30335
30337
30339
30341
30343
30344
30345
30346
30347
30348
30349
30350
30351
30352
30353
30354
30355
30356
30357
30358
30359
30360
30361
30362
30363
30364
30365
30366
30367
30368
30369
30370
30371
30372
30373
30374
30375
30376
30377
30378
30379
30380
30381
30382
30383
30384
30385
30386
30387
30388
30389
30390
30391
30392
30393
30394
30395
30396
30397
30398
30399
30400
30401
30402
30403
30404
30405
30406
30407
30409
30410
30411
30413
30415
30416
30417
30418
30419
30421
30423
30426
30429
30431
30433
30435
30437
30439
30440
30441
30443
30445
30448
30450
30452
30455
30456
30457
30458
30459
30460
30461
30462
30463
30464
30465
30466
30467
30468
30469
30470
30471
30472
30473
30474
30475
30476
30477
30478
30479
30480
30481
30482
30483
30484
30485
30486
30487
30488
30489
30490
30491
30492
30493
30494
30495
30496
30497
30498
30499
30500
30501
30502
30503
30504
30505
30506
30507
30508
30509
30510
30511
30512
30513
30514
30515
30516
30517
30518
30519
30520
30521
30522
30523
30525
30527
30528
30529
30530
30531
30533
30535
30537
30539
30542
30544
30546
30549
30550
30551
30552
30553
30555
30557
30558
30559
30560
30561
30563
30565
30567
30569
30571
30573
30575
30577
30579
30582
30584
30586
30588
30590
30592
30594
30596
30598
30600
30602
30604
30606
30609
30611
30613
30615
30617
30619
30621
30623
30625
30627
30629
30631
30633
30635
30637
30639
30641
30643
30645
30647
30649
30651
30653
30655
30657
30659
30661
30663
30665
30667
30669
30671
30673
30675
30677
30679
30681
30684
30687
30689
30691
30693
30695
30697
30699
30701
30703
30705
30707
30709
30711
30713
30715
30717
30719
30721
30724
30726
30728
30730
30732
30734
30736
30738
30740
30742
30744
30746
30748
30750
30752
30754
30756
30759
30761
30763
30765
30767
30770
30772
30774
30776
30778
30780
30782
30784
30786
30788
30790
30792
30795
30797
30800
30802
30805
30807
30809
30811
30813
30815
30817
30819
30821
30823
30825
30827
30829
30831
30833
30835
30837
30839
30841
30843
30845
30847
30849
30851
30853
30855
30857
30859
30861
30863
30865
30867
30869
30871
30873
30875
30877
30879
30881
30883
30885
30888
30890
30892
30894
30896
30899
30902
30904
30906
30908
30911
30913
30916
30918
30920
30922
30924
30926
30928
30930
30932
30934
30936
30938
30940
30942
30944
30946
30948
30950
30952
30954
30956
30958
30960
30962
30964
30966
30968
30970
30972
30974
30976
30978
30980
30982
30984
30986
30988
30990
30992
30994
30996
30998
31000
31002
31004
31006
31008
31010
31012
31014
31016
31018
31020
31022
31024
31026
31028
31030
31032
31034
31036
31038
31040
31042
31044
31046
31048
31051
31054
31057
31060
31062
31064
31066
31068
31070
31072
31074
31076
31078
31080
31082
31084
31086
31088
31090
31092
31094
31096
31098
31100
31102
31104
31106
31108
31110
31112
31114
31116
31118
31120
31122
31124
31127
31130
31133
31136
31138
31140
31142
31144
31146
31148
31150
31152
31154
31156
31158
31160
31162
31164
31166
31168
31170
31172
31174
31176
31178
31180
31182
31184
31186
31188
31190
31192
31194
31196
31198
31200
31202
31204
31206
31208
31210
31212
31214
31216
31218
31220
31222
31224
31226
31228
31230
31232
31234
31236
31238
31240
31242
31244
31247
31249
31251
31253
31256
31258
31261
31263
31265
31267
31269
31271
31273
31275
31277
31279
31282
31285
31287
31289
31291
31293
31295
31297
31299
31301
31304
31307
31309
31311
31313
31316
31318
31321
31323
31325
31327
31329
31331
31333
31335
31337
31339
31341
31343
31345
31347
31349
31351
31353
31355
31357
31359
31361
31363
31365
31367
31369
31371
31373
31375
31377
31379
31381
31383
31385
31387
31389
31391
31393
31395
31397
31399
31401
31403
31405
31407
31409
31411
31413
31415
31417
31419
31421
31423
31425
31427
31429
31431
31433
31435
31437
31439
31441
31443
31445
31447
31450
31453
31456
31459
31461
31463
31465
31467
31469
31471
31473
31475
31477
31479
31481
31483
31485
31487
31489
31491
31493
31496
31498
31500
31502
31504
31506
31508
31510
31512
31514
31516
31518
31520
31522
31525
31528
31531
31534
31536
31537
31538
31539
31540
31541
31542
31543
31544
31545
31546
31547
31548
31549
31550
31551
31552
31553
31554
31555
31556
31557
31558
31559
31560
31561
31562
31563
31564
31565
31566
31567
31568
31569
31570
31571
31572
31573
31574
31575
31576
31577
31578
31579
31580
31581
31582
31583
31584
31585
31586
31587
31588
31589
31590
31591
31592
31593
31594
31595
31596
31597
31598
31599
31600
31601
31603
31605
31606
31607
31608
31609
31611
31613
31615
31617
31620
31622
31625
31627
31628
31629
31630
31631
31633
31635
31636
31637
31638
31639
31641
31643
31645
31647
31649
31651
31653
31655
31657
31659
31660
31661
31662
31663
31664
31665
31666
31667
31668
31669
31670
31671
31672
31673
31674
31675
31676
31677
31678
31679
31680
31681
31682
31683
31684
31685
31686
31687
31688
31689
31690
31691
31692
31693
31694
31695
31696
31697
31698
31699
31700
31701
31702
31703
31704
31705
31706
31707
31708
31709
31710
31711
31712
31713
31714
31715
31716
31717
31718
31719
31720
31721
31722
31723
31724
31725
31727
31729
31730
31731
31732
31733
31736
31738
31741
31743
31745
31747
31749
31751
31752
31753
31754
31755
31757
31759
31760
31761
31762
31763
31765
31767
31769
31771
31773
31775
31777
31779
31781
31783
31786
31789
31791
31793
31796
31798
31800
31803
31805
31807
31809
31811
31813
31816
31818
31820
31823
31825
31827
31830
31833
31836
31839
31842
31843
31844
31845
31846
31847
31848
31849
31850
31851
31852
31853
31854
31855
31856
31857
31858
31859
31860
31861
31862
31863
31864
31865
31866
31867
31868
31869
31870
31871
31872
31873
31874
31875
31876
31877
31878
31879
31880
31881
31882
31883
31884
31885
31886
31887
31888
31889
31890
31891
31892
31893
31894
31895
31896
31897
31898
31899
31900
31901
31902
31903
31904
31905
31906
31907
31908
31910
31912
31913
31914
31915
31916
31918
31920
31922
31924
31926
31928
31930
31932
31934
31936
31937
31938
31939
31940
31942
31944
31945
31946
31947
31948
31951
31953
31956
31958
31960
31962
31964
31966
31967
31968
31969
31970
31971
31972
31973
31974
31975
31976
31977
31978
31979
31980
31981
31982
31983
31984
31985
31986
31987
31988
31989
31990
31991
31992
31993
31994
31995
31996
31997
31998
31999
32000
32001
32002
32003
32004
32005
32006
32007
32008
32009
32010
32011
32012
32013
32014
32015
32016
32017
32018
32019
32020
32021
32022
32023
32024
32025
32026
32027
32028
32029
32030
32031
32032
32034
32036
32037
32038
32039
32040
32042
32044
32046
32048
32050
32052
32054
32056
32058
32060
32061
32062
32063
32064
32067
32068
32069
32070
32072
32074
32076
32078
32080
32082
32084
32086
32088
32090
32093
32096
32099
32102
32104
32106
32109
32111
32113
32116
32118
32120
32123
32125
32127
32130
32132
32134
32137
32139
32141
32144
32146
32148
32150
32152
32154
32156
32158
32160
32162
32164
32166
32168
32170
32172
32174
32176
32178
32180
32182
32184
32186
32189
32191
32194
32196
32198
32200
32202
32204
32206
32208
32210
32212
32215
32217
32220
32222
32224
32226
32228
32230
32232
32234
32236
32238
32240
32242
32244
32246
32248
32250
32252
32254
32256
32258
32260
32262
32264
32266
32269
32271
32273
32275
32277
32279
32281
32283
32285
32287
32289
32291
32293
32295
32297
32299
32301
32303
32306
32308
32311
32313
32315
32317
32319
32321
32323
32325
32327
32329
32332
32334
32337
32339
32341
32343
32345
32347
32349
32351
32353
32355
32357
32359
32361
32363
32365
32367
32369
32371
32373
32375
32377
32379
32381
32383
32385
32387
32389
32391
32393
32395
32397
32399
32401
32403
32405
32407
32409
32411
32413
32415
32417
32420
32425
32429
32431
32434
32436
32439
32441
32808
32810
32812
32814
32816
32818
32820
32822
32824
32826
32828
32830
32832
32834
32836
32838
32840
32842
32844
32846
32848
32850
32852
32854
32856
32858
32860
32862
32864
32866
32868
32870
32872
32874
32880
32882
32904
32906
32912
32914
32936
32938
32940
32942
32944
32946
32948
32950
32952
32954
32956
32958
32960
32962
32964
32966
32968
32970
32972
32974
32976
32978
32980
32982
32984
32986
32988
32990
32992
32994
32996
32998
33000
33002
33008
33010
33032
33034
33040
33042
33120
33122
33124
33126
33128
33130
33132
33134
33136
33138
33140
33142
33144
33146
33148
33150
33152
33154
33156
33158
33160
33162
33164
33166
33168
33170
33172
33174
33176
33178
33180
33182
33184
33186
33192
33194
33216
33218
33224
33226
33247
33249
33250
33252
33253
33765
1120
7996
-8033
8040
-8044
8052
-11378
11381
12663
-12672
12675
-12716
12719
-12728
12731
-12900
12903
-12912
12915
-12956
12959
-12968
12971
-13140
13236
-13239
-13242
13250
-13287
13294
-849
-4232
4253
-4265
-4268
-4269
4276
-4289
-4292
-4293
4365
-4441
-4444
-4445
4452
-4465
-4468
-4469
4541
-4553
-4556
-4557
4564
-4577
-4580
-4581
4653
-4729
-4732
-4733
4740
-4753
-4756
-4757
4829
-4841
-4844
-4845
4852
-4865
-4868
-4869
4941
-4996
-4999
-5000
5007
-5020
-5023
-5024
5096
-5118
-5121
-5123
-5124
5133
-5139
-5147
5200
-5215
-5218
-5219
5226
-5239
-5242
-5243
6105
6106
-6112
-6115
-6119
-6120
6121
-6125
6129
6130
-6134
6199
-6203
-6205
-6207
-6210
-6221
-6224
-6226
-6227
6297
-6309
-6312
-6313
6320
-6333
-6336
-6337
6409
-7509
-7512
-7513
7520
-7533
-7536
-7537
7609
-7621
-7624
-7625
7632
-7645
-7648
-7649
7721
-7992
-7993
)


// ************************************************************************* //
