/*--------------------------------*- C++ -*----------------------------------*\
| =========                 |                                                 |
| \\      /  F ield         | OpenFOAM: The Open Source CFD Toolbox           |
|  \\    /   O peration     | Version:  2306                                  |
|   \\  /    A nd           | Website:  www.openfoam.com                      |
|    \\/     M anipulation  |                                                 |
\*---------------------------------------------------------------------------*/
FoamFile
{
    version     2.0;
    format      ascii;
    arch        "LSB;label=32;scalar=64";
    note        "nPoints:3920  nCells:1819  nFaces:7416  nInternalFaces:3498";
    class       labelList;
    location    "constant/polyMesh";
    object      neighbour;
}
// * * * * * * * * * * * * * * * * * * * * * * * * * * * * * * * * * * * * * //


3498
(
1
136
2
137
3
138
4
139
5
140
6
508
7
509
8
510
9
511
10
512
11
513
12
514
13
14
514
15
515
16
554
17
553
18
552
19
555
20
562
21
561
22
560
23
563
24
602
25
601
26
600
27
603
28
610
29
609
30
608
31
611
32
650
33
649
34
648
35
651
36
658
37
657
38
656
39
659
40
698
41
697
42
696
43
699
44
706
45
705
46
704
47
707
48
746
49
745
50
744
51
747
52
754
53
753
54
752
55
755
56
794
57
793
58
792
59
795
60
802
61
801
62
800
63
803
64
842
65
841
66
840
67
843
68
850
69
849
70
851
71
851
72
852
73
1157
74
1225
75
1225
76
1224
77
1223
78
1222
79
1226
80
1226
81
1227
82
1228
83
1254
84
1254
85
1253
86
1252
87
1251
88
1256
89
1256
90
1257
91
1262
92
1422
93
1422
94
1421
95
1420
96
1419
97
1423
98
1423
99
1424
100
1425
101
1427
102
1427
103
1428
104
1467
105
1466
106
1468
107
1468
108
1469
109
1478
110
1482
111
1482
112
1481
113
1483
114
1770
115
1771
116
1771
117
1772
118
1773
119
1774
120
1778
121
1778
122
1777
123
1779
124
1787
125
1787
126
1788
127
1789
128
1790
129
1804
130
1804
131
1803
132
1802
133
1817
134
1817
135
1816
1818
137
145
138
144
139
143
140
142
141
508
142
166
507
143
165
144
160
145
159
146
147
159
148
158
149
157
150
156
151
155
152
154
153
185
154
174
184
155
173
156
172
157
171
158
162
159
161
160
161
165
162
164
163
171
164
168
170
165
167
166
167
506
168
505
169
504
170
178
503
171
177
172
173
177
174
176
175
183
176
180
182
177
179
178
179
502
180
501
181
500
182
206
499
183
205
184
200
185
199
186
187
199
188
198
189
197
190
196
191
195
192
194
193
225
194
214
224
195
213
196
212
197
211
198
202
199
201
200
201
205
202
204
203
211
204
208
210
205
207
206
207
498
208
497
209
496
210
218
495
211
217
212
213
217
214
216
215
223
216
220
222
217
219
218
219
494
220
493
221
492
222
246
491
223
245
224
240
225
239
226
227
239
228
238
229
237
230
236
231
235
232
234
233
265
234
254
264
235
253
236
252
237
251
238
242
239
241
240
241
245
242
244
243
251
244
248
250
245
247
246
247
490
248
489
249
488
250
258
487
251
257
252
253
257
254
256
255
263
256
260
262
257
259
258
259
486
260
485
261
484
262
286
483
263
285
264
280
265
279
266
267
279
268
278
269
277
270
276
271
275
272
274
273
305
274
294
304
275
293
276
292
277
291
278
282
279
281
280
281
285
282
284
283
291
284
288
290
285
287
286
287
482
288
481
289
480
290
298
479
291
297
292
293
297
294
296
295
303
296
300
302
297
299
298
299
478
300
477
301
476
302
326
475
303
325
304
320
305
319
306
307
319
308
318
309
317
310
316
311
315
312
314
313
345
314
334
344
315
333
316
332
317
331
318
322
319
321
320
321
325
322
324
323
331
324
328
330
325
327
326
327
474
328
473
329
472
330
338
471
331
337
332
333
337
334
336
335
343
336
340
342
337
339
338
339
470
340
469
341
468
342
366
467
343
365
344
360
345
359
346
347
359
348
358
349
357
350
356
351
355
352
354
353
385
354
374
384
355
373
356
372
357
371
358
362
359
361
360
361
365
362
364
363
371
364
368
370
365
367
366
367
466
368
465
369
464
370
378
463
371
377
372
373
377
374
376
375
383
376
380
382
377
379
378
379
462
380
461
381
460
382
405
459
383
404
384
399
385
398
386
387
398
388
397
389
396
390
395
392
394
392
414
416
393
394
412
414
395
411
396
410
397
401
398
400
399
400
404
401
403
402
410
403
407
409
404
406
405
406
458
407
457
408
456
409
437
455
410
436
411
412
436
413
435
414
432
434
415
416
430
432
417
418
430
419
429
420
428
421
427
422
426
423
425
424
880
425
869
879
426
868
427
867
428
866
429
445
430
444
431
432
442
444
433
434
440
442
435
439
436
438
437
438
454
439
453
440
452
441
451
442
448
450
443
444
446
448
445
446
866
447
865
448
862
864
449
450
860
862
451
859
452
858
453
823
454
822
455
821
456
820
457
811
458
810
459
809
460
808
461
775
462
774
463
773
464
772
465
763
466
762
467
761
468
760
469
727
470
726
471
725
472
724
473
715
474
714
475
713
476
712
477
679
478
678
479
677
480
676
481
667
482
666
483
665
484
664
485
631
486
630
487
629
488
628
489
619
490
618
491
617
492
616
493
583
494
582
495
581
496
580
497
571
498
570
499
569
500
568
501
535
502
534
503
533
504
532
505
523
506
522
507
521
508
520
509
510
520
511
519
512
518
513
517
514
516
515
516
554
517
549
518
548
519
527
520
526
521
522
526
523
525
524
532
525
529
531
526
528
527
528
548
529
547
530
546
531
539
545
532
538
533
534
538
535
537
536
568
537
541
567
538
540
539
540
544
541
543
542
566
543
559
565
544
558
545
557
546
556
547
551
548
550
549
550
554
551
553
552
556
553
555
554
556
562
557
558
562
559
561
560
564
561
563
562
564
602
565
597
566
596
567
575
568
574
569
570
574
571
573
572
580
573
577
579
574
576
575
576
596
577
595
578
594
579
587
593
580
586
581
582
586
583
585
584
616
585
589
615
586
588
587
588
592
589
591
590
614
591
607
613
592
606
593
605
594
604
595
599
596
598
597
598
602
599
601
600
604
601
603
602
604
610
605
606
610
607
609
608
612
609
611
610
612
650
613
645
614
644
615
623
616
622
617
618
622
619
621
620
628
621
625
627
622
624
623
624
644
625
643
626
642
627
635
641
628
634
629
630
634
631
633
632
664
633
637
663
634
636
635
636
640
637
639
638
662
639
655
661
640
654
641
653
642
652
643
647
644
646
645
646
650
647
649
648
652
649
651
650
652
658
653
654
658
655
657
656
660
657
659
658
660
698
661
693
662
692
663
671
664
670
665
666
670
667
669
668
676
669
673
675
670
672
671
672
692
673
691
674
690
675
683
689
676
682
677
678
682
679
681
680
712
681
685
711
682
684
683
684
688
685
687
686
710
687
703
709
688
702
689
701
690
700
691
695
692
694
693
694
698
695
697
696
700
697
699
698
700
706
701
702
706
703
705
704
708
705
707
706
708
746
709
741
710
740
711
719
712
718
713
714
718
715
717
716
724
717
721
723
718
720
719
720
740
721
739
722
738
723
731
737
724
730
725
726
730
727
729
728
760
729
733
759
730
732
731
732
736
733
735
734
758
735
751
757
736
750
737
749
738
748
739
743
740
742
741
742
746
743
745
744
748
745
747
746
748
754
749
750
754
751
753
752
756
753
755
754
756
794
757
789
758
788
759
767
760
766
761
762
766
763
765
764
772
765
769
771
766
768
767
768
788
769
787
770
786
771
779
785
772
778
773
774
778
775
777
776
808
777
781
807
778
780
779
780
784
781
783
782
806
783
799
805
784
798
785
797
786
796
787
791
788
790
789
790
794
791
793
792
796
793
795
794
796
802
797
798
802
799
801
800
804
801
803
802
804
842
805
837
806
836
807
815
808
814
809
810
814
811
813
812
820
813
817
819
814
816
815
816
836
817
835
818
834
819
827
833
820
826
821
822
826
823
825
824
858
825
829
857
826
828
827
828
832
829
831
830
856
831
847
855
832
846
833
845
834
844
835
839
836
838
837
838
842
839
841
840
844
841
843
842
844
850
845
846
850
847
849
848
854
849
851
853
850
852
853
1157
854
1156
855
1151
856
1150
857
1133
858
1132
859
860
1132
861
1131
862
1128
1130
863
864
1126
1128
865
873
866
872
867
868
872
869
871
870
878
871
875
877
872
874
873
874
1126
875
1125
876
1124
877
897
1123
878
896
879
891
880
890
882
887
883
886
885
885
905
915
886
904
887
903
888
902
889
893
890
892
891
892
896
893
895
894
902
895
899
901
896
898
897
898
1122
899
1121
900
1120
901
909
1119
902
908
903
904
908
905
907
906
914
907
911
913
908
910
909
910
1118
911
1117
912
1116
913
931
1115
914
930
915
925
924
917
919
918
950
919
939
949
920
938
921
937
922
936
923
927
924
926
925
926
930
927
929
928
936
929
933
935
930
932
931
932
1114
933
1113
934
1112
935
943
1111
936
942
937
938
942
939
941
940
948
941
945
947
942
944
943
944
1110
945
1109
946
1108
947
971
1107
948
970
949
965
950
964
951
952
964
953
963
954
962
955
961
956
960
957
959
958
990
959
979
989
960
978
961
977
962
976
963
967
964
966
965
966
970
967
969
968
976
969
973
975
970
972
971
972
1106
973
1105
974
1104
975
983
1103
976
982
977
978
982
979
981
980
988
981
985
987
982
984
983
984
1102
985
1101
986
1100
987
1011
1099
988
1010
989
1005
990
1004
991
992
1004
993
1003
994
1002
995
1001
996
1000
997
999
998
1030
999
1019
1029
1000
1018
1001
1017
1002
1016
1003
1007
1004
1006
1005
1006
1010
1007
1009
1008
1016
1009
1013
1015
1010
1012
1011
1012
1098
1013
1097
1014
1096
1015
1023
1095
1016
1022
1017
1018
1022
1019
1021
1020
1028
1021
1025
1027
1022
1024
1023
1024
1094
1025
1093
1026
1092
1027
1051
1091
1028
1050
1029
1045
1030
1044
1031
1032
1044
1033
1043
1034
1042
1035
1041
1036
1040
1037
1039
1038
1070
1039
1059
1069
1040
1058
1041
1057
1042
1056
1043
1047
1044
1046
1045
1046
1050
1047
1049
1048
1056
1049
1053
1055
1050
1052
1051
1052
1090
1053
1089
1054
1088
1055
1063
1087
1056
1062
1057
1058
1062
1059
1061
1060
1068
1061
1065
1067
1062
1064
1063
1064
1086
1065
1085
1066
1084
1067
1079
1083
1068
1078
1069
1075
1070
1074
1071
1072
1074
1073
1074
1076
1075
1076
1078
1077
1078
1080
1079
1080
1082
1081
1082
1083
1739
1084
1738
1085
1569
1086
1568
1087
1567
1088
1566
1089
1557
1090
1556
1091
1555
1092
1554
1093
1513
1094
1512
1095
1511
1096
1510
1097
1501
1098
1500
1099
1499
1100
1498
1101
1344
1102
1343
1103
1342
1104
1341
1105
1332
1106
1331
1107
1330
1108
1329
1109
1288
1110
1287
1111
1286
1112
1285
1113
1276
1114
1275
1115
1274
1116
1273
1117
1185
1118
1184
1119
1183
1120
1182
1121
1173
1122
1172
1123
1171
1124
1170
1125
1141
1126
1140
1127
1128
1138
1140
1129
1130
1136
1138
1131
1135
1132
1134
1133
1134
1150
1135
1149
1136
1148
1137
1147
1138
1144
1146
1139
1140
1142
1144
1141
1142
1170
1143
1169
1144
1166
1168
1145
1146
1164
1166
1147
1163
1148
1162
1149
1153
1150
1152
1151
1152
1156
1153
1155
1154
1162
1155
1159
1161
1156
1158
1157
1158
1159
1225
1160
1224
1161
1205
1223
1162
1204
1163
1164
1204
1165
1203
1166
1200
1202
1167
1168
1198
1200
1169
1177
1170
1176
1171
1172
1176
1173
1175
1174
1182
1175
1179
1181
1176
1178
1177
1178
1198
1179
1197
1180
1196
1181
1189
1195
1182
1188
1183
1184
1188
1185
1187
1186
1273
1187
1191
1272
1188
1190
1189
1190
1194
1191
1193
1192
1271
1193
1239
1270
1194
1238
1195
1237
1196
1236
1197
1213
1198
1212
1199
1200
1210
1212
1201
1202
1208
1210
1203
1207
1204
1206
1205
1206
1222
1207
1221
1208
1220
1209
1219
1210
1216
1218
1211
1212
1214
1216
1213
1214
1236
1215
1235
1216
1232
1234
1217
1218
1230
1232
1219
1229
1220
1228
1221
1227
1222
1226
1223
1224
1225
1227
1228
1229
1230
1254
1231
1253
1232
1250
1252
1233
1234
1248
1250
1235
1243
1236
1242
1237
1238
1242
1239
1241
1240
1269
1241
1245
1268
1242
1244
1243
1244
1248
1245
1247
1246
1267
1247
1260
1266
1248
1259
1249
1250
1255
1259
1251
1252
1255
1253
1254
1256
1258
1257
1258
1262
1259
1261
1260
1261
1265
1262
1264
1263
1264
1400
1422
1265
1399
1266
1394
1267
1393
1268
1308
1269
1307
1270
1302
1271
1301
1272
1280
1273
1279
1274
1275
1279
1276
1278
1277
1285
1278
1282
1284
1279
1281
1280
1281
1301
1282
1300
1283
1299
1284
1292
1298
1285
1291
1286
1287
1291
1288
1290
1289
1329
1290
1294
1328
1291
1293
1292
1293
1297
1294
1296
1295
1327
1296
1316
1326
1297
1315
1298
1314
1299
1313
1300
1304
1301
1303
1302
1303
1307
1304
1306
1305
1313
1306
1310
1312
1307
1309
1308
1309
1393
1310
1392
1311
1391
1312
1320
1390
1313
1319
1314
1315
1319
1316
1318
1317
1325
1318
1322
1324
1319
1321
1320
1321
1389
1322
1388
1323
1387
1324
1364
1386
1325
1363
1326
1358
1327
1357
1328
1336
1329
1335
1330
1331
1335
1332
1334
1333
1341
1334
1338
1340
1335
1337
1336
1337
1357
1338
1356
1339
1355
1340
1348
1354
1341
1347
1342
1343
1347
1344
1346
1345
1498
1346
1350
1497
1347
1349
1348
1349
1353
1350
1352
1351
1496
1352
1372
1495
1353
1371
1354
1370
1355
1369
1356
1360
1357
1359
1358
1359
1363
1360
1362
1361
1369
1362
1366
1368
1363
1365
1364
1365
1385
1366
1384
1367
1383
1368
1376
1382
1369
1375
1370
1371
1375
1372
1374
1373
1494
1374
1378
1493
1375
1377
1376
1377
1381
1378
1380
1379
1492
1380
1448
1491
1381
1447
1382
1446
1383
1445
1384
1436
1385
1435
1386
1434
1387
1433
1388
1408
1389
1407
1390
1406
1391
1405
1392
1396
1393
1395
1394
1395
1399
1396
1398
1397
1405
1398
1402
1404
1399
1401
1400
1401
1421
1402
1420
1403
1419
1404
1412
1418
1405
1411
1406
1407
1411
1408
1410
1409
1433
1410
1414
1432
1411
1413
1412
1413
1417
1414
1416
1415
1431
1416
1426
1430
1417
1425
1418
1424
1419
1423
1420
1421
1422
1424
1425
1426
1427
1429
1428
1429
1467
1430
1462
1431
1461
1432
1440
1433
1439
1434
1435
1439
1436
1438
1437
1445
1438
1442
1444
1439
1441
1440
1441
1461
1442
1460
1443
1459
1444
1452
1458
1445
1451
1446
1447
1451
1448
1450
1449
1490
1450
1454
1489
1451
1453
1452
1453
1457
1454
1456
1455
1488
1456
1474
1487
1457
1473
1458
1472
1459
1471
1460
1464
1461
1463
1462
1463
1467
1464
1466
1465
1471
1466
1468
1470
1467
1469
1470
1478
1471
1477
1472
1473
1477
1474
1476
1475
1486
1476
1480
1485
1477
1479
1478
1479
1480
1482
1481
1484
1482
1483
1484
1770
1485
1653
1486
1652
1487
1647
1488
1646
1489
1625
1490
1624
1491
1619
1492
1618
1493
1533
1494
1532
1495
1527
1496
1526
1497
1505
1498
1504
1499
1500
1504
1501
1503
1502
1510
1503
1507
1509
1504
1506
1505
1506
1526
1507
1525
1508
1524
1509
1517
1523
1510
1516
1511
1512
1516
1513
1515
1514
1554
1515
1519
1553
1516
1518
1517
1518
1522
1519
1521
1520
1552
1521
1541
1551
1522
1540
1523
1539
1524
1538
1525
1529
1526
1528
1527
1528
1532
1529
1531
1530
1538
1531
1535
1537
1532
1534
1533
1534
1618
1535
1617
1536
1616
1537
1545
1615
1538
1544
1539
1540
1544
1541
1543
1542
1550
1543
1547
1549
1544
1546
1545
1546
1614
1547
1613
1548
1612
1549
1589
1611
1550
1588
1551
1583
1552
1582
1553
1561
1554
1560
1555
1556
1560
1557
1559
1558
1566
1559
1563
1565
1560
1562
1561
1562
1582
1563
1581
1564
1580
1565
1573
1579
1566
1572
1567
1568
1572
1569
1571
1570
1738
1571
1575
1737
1572
1574
1573
1574
1578
1575
1577
1576
1736
1577
1597
1735
1578
1596
1579
1595
1580
1594
1581
1585
1582
1584
1583
1584
1588
1585
1587
1586
1594
1587
1591
1593
1588
1590
1589
1590
1610
1591
1609
1592
1608
1593
1601
1607
1594
1600
1595
1596
1600
1597
1599
1598
1734
1599
1603
1733
1600
1602
1601
1602
1606
1603
1605
1604
1732
1605
1689
1731
1606
1688
1607
1687
1608
1686
1609
1677
1610
1676
1611
1675
1612
1674
1613
1633
1614
1632
1615
1631
1616
1630
1617
1621
1618
1620
1619
1620
1624
1621
1623
1622
1630
1623
1627
1629
1624
1626
1625
1626
1646
1627
1645
1628
1644
1629
1637
1643
1630
1636
1631
1632
1636
1633
1635
1634
1674
1635
1639
1673
1636
1638
1637
1638
1642
1639
1641
1640
1672
1641
1661
1671
1642
1660
1643
1659
1644
1658
1645
1649
1646
1648
1647
1648
1652
1649
1651
1650
1658
1651
1655
1657
1652
1654
1653
1654
1770
1655
1769
1656
1768
1657
1665
1767
1658
1664
1659
1660
1664
1661
1663
1662
1670
1663
1667
1669
1664
1666
1665
1666
1766
1667
1765
1668
1764
1669
1709
1763
1670
1708
1671
1703
1672
1702
1673
1681
1674
1680
1675
1676
1680
1677
1679
1678
1686
1679
1683
1685
1680
1682
1681
1682
1702
1683
1701
1684
1700
1685
1693
1699
1686
1692
1687
1688
1692
1689
1691
1690
1730
1691
1695
1729
1692
1694
1693
1694
1698
1695
1697
1696
1728
1697
1717
1727
1698
1716
1699
1715
1700
1714
1701
1705
1702
1704
1703
1704
1708
1705
1707
1706
1714
1707
1711
1713
1708
1710
1709
1710
1762
1711
1761
1712
1760
1713
1721
1759
1714
1720
1715
1716
1720
1717
1719
1718
1726
1719
1723
1725
1720
1722
1721
1722
1758
1723
1757
1724
1756
1725
1753
1755
1726
1752
1727
1751
1728
1750
1729
1749
1730
1748
1731
1747
1732
1746
1733
1745
1734
1744
1735
1743
1736
1742
1737
1741
1738
1740
1739
1740
1741
1742
1743
1744
1745
1746
1747
1748
1749
1750
1751
1752
1753
1754
1755
1809
1756
1808
1757
1795
1758
1794
1759
1793
1760
1792
1761
1783
1762
1782
1763
1781
1764
1780
1765
1776
1766
1775
1767
1774
1768
1773
1769
1772
1770
1771
1772
1773
1774
1775
1776
1778
1777
1780
1778
1779
1780
1786
1781
1782
1786
1783
1785
1784
1792
1785
1789
1791
1786
1788
1787
1788
1789
1790
1791
1799
1792
1798
1793
1794
1798
1795
1797
1796
1808
1797
1801
1807
1798
1800
1799
1800
1804
1801
1803
1802
1806
1803
1805
1804
1806
1815
1817
1807
1812
1808
1811
1809
1811
1811
1813
1812
1813
1815
1814
1815
1818
1816
1817
1818
)


// ************************************************************************* //
