/*--------------------------------*- C++ -*----------------------------------*\
| =========                 |                                                 |
| \\      /  F ield         | OpenFOAM: The Open Source CFD Toolbox           |
|  \\    /   O peration     | Version:  2306                                  |
|   \\  /    A nd           | Website:  www.openfoam.com                      |
|    \\/     M anipulation  |                                                 |
\*---------------------------------------------------------------------------*/
FoamFile
{
    version     2.0;
    format      ascii;
    arch        "LSB;label=32;scalar=64";
    note        "nPoints:3920  nCells:1819  nFaces:7416  nInternalFaces:3498";
    class       labelList;
    location    "constant/polyMesh";
    object      owner;
}
// * * * * * * * * * * * * * * * * * * * * * * * * * * * * * * * * * * * * * //


7416
(
0
0
1
1
2
2
3
3
4
4
5
5
6
6
7
7
8
8
9
9
10
10
11
11
12
13
13
14
14
15
15
16
16
17
17
18
18
19
19
20
20
21
21
22
22
23
23
24
24
25
25
26
26
27
27
28
28
29
29
30
30
31
31
32
32
33
33
34
34
35
35
36
36
37
37
38
38
39
39
40
40
41
41
42
42
43
43
44
44
45
45
46
46
47
47
48
48
49
49
50
50
51
51
52
52
53
53
54
54
55
55
56
56
57
57
58
58
59
59
60
60
61
61
62
62
63
63
64
64
65
65
66
66
67
67
68
68
69
69
70
70
71
71
72
72
73
73
74
74
75
75
76
76
77
77
78
78
79
79
80
80
81
81
82
82
83
83
84
84
85
85
86
86
87
87
88
88
89
89
90
90
91
91
92
92
93
93
94
94
95
95
96
96
97
97
98
98
99
99
100
100
101
101
102
102
103
103
104
104
105
105
106
106
107
107
108
108
109
109
110
110
111
111
112
112
113
113
114
114
115
115
116
116
117
117
118
118
119
119
120
120
121
121
122
122
123
123
124
124
125
125
126
126
127
127
128
128
129
129
130
130
131
131
132
132
133
133
134
134
135
136
136
137
137
138
138
139
139
140
140
141
141
141
142
142
143
143
144
144
145
146
146
147
147
148
148
149
149
150
150
151
151
152
152
153
153
153
154
154
155
155
156
156
157
157
158
158
159
160
160
161
161
162
162
163
163
163
164
164
165
166
166
167
167
168
168
169
169
169
170
170
171
172
172
173
173
174
174
175
175
175
176
176
177
178
178
179
179
180
180
181
181
181
182
182
183
183
184
184
185
186
186
187
187
188
188
189
189
190
190
191
191
192
192
193
193
193
194
194
195
195
196
196
197
197
198
198
199
200
200
201
201
202
202
203
203
203
204
204
205
206
206
207
207
208
208
209
209
209
210
210
211
212
212
213
213
214
214
215
215
215
216
216
217
218
218
219
219
220
220
221
221
221
222
222
223
223
224
224
225
226
226
227
227
228
228
229
229
230
230
231
231
232
232
233
233
233
234
234
235
235
236
236
237
237
238
238
239
240
240
241
241
242
242
243
243
243
244
244
245
246
246
247
247
248
248
249
249
249
250
250
251
252
252
253
253
254
254
255
255
255
256
256
257
258
258
259
259
260
260
261
261
261
262
262
263
263
264
264
265
266
266
267
267
268
268
269
269
270
270
271
271
272
272
273
273
273
274
274
275
275
276
276
277
277
278
278
279
280
280
281
281
282
282
283
283
283
284
284
285
286
286
287
287
288
288
289
289
289
290
290
291
292
292
293
293
294
294
295
295
295
296
296
297
298
298
299
299
300
300
301
301
301
302
302
303
303
304
304
305
306
306
307
307
308
308
309
309
310
310
311
311
312
312
313
313
313
314
314
315
315
316
316
317
317
318
318
319
320
320
321
321
322
322
323
323
323
324
324
325
326
326
327
327
328
328
329
329
329
330
330
331
332
332
333
333
334
334
335
335
335
336
336
337
338
338
339
339
340
340
341
341
341
342
342
343
343
344
344
345
346
346
347
347
348
348
349
349
350
350
351
351
352
352
353
353
353
354
354
355
355
356
356
357
357
358
358
359
360
360
361
361
362
362
363
363
363
364
364
365
366
366
367
367
368
368
369
369
369
370
370
371
372
372
373
373
374
374
375
375
375
376
376
377
378
378
379
379
380
380
381
381
381
382
382
383
383
384
384
385
386
386
387
387
388
388
389
389
390
390
391
391
391
392
393
393
393
394
394
395
395
396
396
397
397
398
399
399
400
400
401
401
402
402
402
403
403
404
405
405
406
406
407
407
408
408
408
409
409
410
411
411
412
412
413
413
413
414
415
415
415
416
417
417
418
418
419
419
420
420
421
421
422
422
423
423
424
424
424
425
425
426
426
427
427
428
428
429
429
430
431
431
431
432
433
433
433
434
434
435
435
436
437
437
438
438
439
439
440
440
441
441
441
442
443
443
443
444
445
445
446
446
447
447
447
448
449
449
449
450
450
451
451
452
452
453
453
454
454
455
455
456
456
457
457
458
458
459
459
460
460
461
461
462
462
463
463
464
464
465
465
466
466
467
467
468
468
469
469
470
470
471
471
472
472
473
473
474
474
475
475
476
476
477
477
478
478
479
479
480
480
481
481
482
482
483
483
484
484
485
485
486
486
487
487
488
488
489
489
490
490
491
491
492
492
493
493
494
494
495
495
496
496
497
497
498
498
499
499
500
500
501
501
502
502
503
503
504
504
505
505
506
506
507
507
508
509
509
510
510
511
511
512
512
513
513
514
515
515
516
516
517
517
518
518
519
519
520
521
521
522
522
523
523
524
524
524
525
525
526
527
527
528
528
529
529
530
530
530
531
531
532
533
533
534
534
535
535
536
536
536
537
537
538
539
539
540
540
541
541
542
542
542
543
543
544
544
545
545
546
546
547
547
548
549
549
550
550
551
551
552
552
553
555
555
556
557
557
558
558
559
559
560
560
561
563
563
564
564
565
565
566
566
567
567
568
569
569
570
570
571
571
572
572
572
573
573
574
575
575
576
576
577
577
578
578
578
579
579
580
581
581
582
582
583
583
584
584
584
585
585
586
587
587
588
588
589
589
590
590
590
591
591
592
592
593
593
594
594
595
595
596
597
597
598
598
599
599
600
600
601
603
603
604
605
605
606
606
607
607
608
608
609
611
611
612
612
613
613
614
614
615
615
616
617
617
618
618
619
619
620
620
620
621
621
622
623
623
624
624
625
625
626
626
626
627
627
628
629
629
630
630
631
631
632
632
632
633
633
634
635
635
636
636
637
637
638
638
638
639
639
640
640
641
641
642
642
643
643
644
645
645
646
646
647
647
648
648
649
651
651
652
653
653
654
654
655
655
656
656
657
659
659
660
660
661
661
662
662
663
663
664
665
665
666
666
667
667
668
668
668
669
669
670
671
671
672
672
673
673
674
674
674
675
675
676
677
677
678
678
679
679
680
680
680
681
681
682
683
683
684
684
685
685
686
686
686
687
687
688
688
689
689
690
690
691
691
692
693
693
694
694
695
695
696
696
697
699
699
700
701
701
702
702
703
703
704
704
705
707
707
708
708
709
709
710
710
711
711
712
713
713
714
714
715
715
716
716
716
717
717
718
719
719
720
720
721
721
722
722
722
723
723
724
725
725
726
726
727
727
728
728
728
729
729
730
731
731
732
732
733
733
734
734
734
735
735
736
736
737
737
738
738
739
739
740
741
741
742
742
743
743
744
744
745
747
747
748
749
749
750
750
751
751
752
752
753
755
755
756
756
757
757
758
758
759
759
760
761
761
762
762
763
763
764
764
764
765
765
766
767
767
768
768
769
769
770
770
770
771
771
772
773
773
774
774
775
775
776
776
776
777
777
778
779
779
780
780
781
781
782
782
782
783
783
784
784
785
785
786
786
787
787
788
789
789
790
790
791
791
792
792
793
795
795
796
797
797
798
798
799
799
800
800
801
803
803
804
804
805
805
806
806
807
807
808
809
809
810
810
811
811
812
812
812
813
813
814
815
815
816
816
817
817
818
818
818
819
819
820
821
821
822
822
823
823
824
824
824
825
825
826
827
827
828
828
829
829
830
830
830
831
831
832
832
833
833
834
834
835
835
836
837
837
838
838
839
839
840
840
841
843
843
844
845
845
846
846
847
847
848
848
848
849
851
852
852
853
853
854
854
855
855
856
856
857
857
858
859
859
860
860
861
861
861
862
863
863
863
864
864
865
865
866
867
867
868
868
869
869
870
870
870
871
871
872
873
873
874
874
875
875
876
876
876
877
877
878
878
879
879
881
881
882
882
883
884
884
884
885
885
886
886
887
887
888
888
889
889
890
891
891
892
892
893
893
894
894
894
895
895
896
897
897
898
898
899
899
900
900
900
901
901
902
903
903
904
904
905
905
906
906
906
907
907
908
909
909
910
910
911
911
912
912
912
913
913
914
914
915
916
916
917
917
918
918
918
919
919
920
920
921
921
922
922
923
923
924
925
925
926
926
927
927
928
928
928
929
929
930
931
931
932
932
933
933
934
934
934
935
935
936
937
937
938
938
939
939
940
940
940
941
941
942
943
943
944
944
945
945
946
946
946
947
947
948
948
949
949
950
951
951
952
952
953
953
954
954
955
955
956
956
957
957
958
958
958
959
959
960
960
961
961
962
962
963
963
964
965
965
966
966
967
967
968
968
968
969
969
970
971
971
972
972
973
973
974
974
974
975
975
976
977
977
978
978
979
979
980
980
980
981
981
982
983
983
984
984
985
985
986
986
986
987
987
988
988
989
989
990
991
991
992
992
993
993
994
994
995
995
996
996
997
997
998
998
998
999
999
1000
1000
1001
1001
1002
1002
1003
1003
1004
1005
1005
1006
1006
1007
1007
1008
1008
1008
1009
1009
1010
1011
1011
1012
1012
1013
1013
1014
1014
1014
1015
1015
1016
1017
1017
1018
1018
1019
1019
1020
1020
1020
1021
1021
1022
1023
1023
1024
1024
1025
1025
1026
1026
1026
1027
1027
1028
1028
1029
1029
1030
1031
1031
1032
1032
1033
1033
1034
1034
1035
1035
1036
1036
1037
1037
1038
1038
1038
1039
1039
1040
1040
1041
1041
1042
1042
1043
1043
1044
1045
1045
1046
1046
1047
1047
1048
1048
1048
1049
1049
1050
1051
1051
1052
1052
1053
1053
1054
1054
1054
1055
1055
1056
1057
1057
1058
1058
1059
1059
1060
1060
1060
1061
1061
1062
1063
1063
1064
1064
1065
1065
1066
1066
1066
1067
1067
1068
1068
1069
1069
1070
1071
1071
1072
1073
1073
1074
1075
1075
1076
1077
1077
1078
1079
1079
1080
1081
1082
1082
1083
1083
1084
1084
1085
1085
1086
1086
1087
1087
1088
1088
1089
1089
1090
1090
1091
1091
1092
1092
1093
1093
1094
1094
1095
1095
1096
1096
1097
1097
1098
1098
1099
1099
1100
1100
1101
1101
1102
1102
1103
1103
1104
1104
1105
1105
1106
1106
1107
1107
1108
1108
1109
1109
1110
1110
1111
1111
1112
1112
1113
1113
1114
1114
1115
1115
1116
1116
1117
1117
1118
1118
1119
1119
1120
1120
1121
1121
1122
1122
1123
1123
1124
1124
1125
1125
1126
1127
1127
1127
1128
1129
1129
1129
1130
1130
1131
1131
1132
1133
1133
1134
1134
1135
1135
1136
1136
1137
1137
1137
1138
1139
1139
1139
1140
1141
1141
1142
1142
1143
1143
1143
1144
1145
1145
1145
1146
1146
1147
1147
1148
1148
1149
1149
1150
1151
1151
1152
1152
1153
1153
1154
1154
1154
1155
1155
1156
1157
1158
1158
1159
1159
1160
1160
1160
1161
1161
1162
1163
1163
1164
1164
1165
1165
1165
1166
1167
1167
1167
1168
1168
1169
1169
1170
1171
1171
1172
1172
1173
1173
1174
1174
1174
1175
1175
1176
1177
1177
1178
1178
1179
1179
1180
1180
1180
1181
1181
1182
1183
1183
1184
1184
1185
1185
1186
1186
1186
1187
1187
1188
1189
1189
1190
1190
1191
1191
1192
1192
1192
1193
1193
1194
1194
1195
1195
1196
1196
1197
1197
1198
1199
1199
1199
1200
1201
1201
1201
1202
1202
1203
1203
1204
1205
1205
1206
1206
1207
1207
1208
1208
1209
1209
1209
1210
1211
1211
1211
1212
1213
1213
1214
1214
1215
1215
1215
1216
1217
1217
1217
1218
1218
1219
1219
1220
1220
1221
1221
1222
1223
1224
1226
1227
1228
1229
1229
1230
1230
1231
1231
1231
1232
1233
1233
1233
1234
1234
1235
1235
1236
1237
1237
1238
1238
1239
1239
1240
1240
1240
1241
1241
1242
1243
1243
1244
1244
1245
1245
1246
1246
1246
1247
1247
1248
1249
1249
1249
1250
1251
1251
1252
1253
1255
1255
1256
1257
1257
1258
1258
1259
1260
1260
1261
1261
1262
1263
1263
1263
1264
1264
1265
1265
1266
1266
1267
1267
1268
1268
1269
1269
1270
1270
1271
1271
1272
1272
1273
1274
1274
1275
1275
1276
1276
1277
1277
1277
1278
1278
1279
1280
1280
1281
1281
1282
1282
1283
1283
1283
1284
1284
1285
1286
1286
1287
1287
1288
1288
1289
1289
1289
1290
1290
1291
1292
1292
1293
1293
1294
1294
1295
1295
1295
1296
1296
1297
1297
1298
1298
1299
1299
1300
1300
1301
1302
1302
1303
1303
1304
1304
1305
1305
1305
1306
1306
1307
1308
1308
1309
1309
1310
1310
1311
1311
1311
1312
1312
1313
1314
1314
1315
1315
1316
1316
1317
1317
1317
1318
1318
1319
1320
1320
1321
1321
1322
1322
1323
1323
1323
1324
1324
1325
1325
1326
1326
1327
1327
1328
1328
1329
1330
1330
1331
1331
1332
1332
1333
1333
1333
1334
1334
1335
1336
1336
1337
1337
1338
1338
1339
1339
1339
1340
1340
1341
1342
1342
1343
1343
1344
1344
1345
1345
1345
1346
1346
1347
1348
1348
1349
1349
1350
1350
1351
1351
1351
1352
1352
1353
1353
1354
1354
1355
1355
1356
1356
1357
1358
1358
1359
1359
1360
1360
1361
1361
1361
1362
1362
1363
1364
1364
1365
1365
1366
1366
1367
1367
1367
1368
1368
1369
1370
1370
1371
1371
1372
1372
1373
1373
1373
1374
1374
1375
1376
1376
1377
1377
1378
1378
1379
1379
1379
1380
1380
1381
1381
1382
1382
1383
1383
1384
1384
1385
1385
1386
1386
1387
1387
1388
1388
1389
1389
1390
1390
1391
1391
1392
1392
1393
1394
1394
1395
1395
1396
1396
1397
1397
1397
1398
1398
1399
1400
1400
1401
1401
1402
1402
1403
1403
1403
1404
1404
1405
1406
1406
1407
1407
1408
1408
1409
1409
1409
1410
1410
1411
1412
1412
1413
1413
1414
1414
1415
1415
1415
1416
1416
1417
1417
1418
1418
1419
1420
1421
1423
1424
1425
1426
1426
1427
1428
1428
1429
1429
1430
1430
1431
1431
1432
1432
1433
1434
1434
1435
1435
1436
1436
1437
1437
1437
1438
1438
1439
1440
1440
1441
1441
1442
1442
1443
1443
1443
1444
1444
1445
1446
1446
1447
1447
1448
1448
1449
1449
1449
1450
1450
1451
1452
1452
1453
1453
1454
1454
1455
1455
1455
1456
1456
1457
1457
1458
1458
1459
1459
1460
1460
1461
1462
1462
1463
1463
1464
1464
1465
1465
1465
1466
1468
1469
1469
1470
1470
1471
1472
1472
1473
1473
1474
1474
1475
1475
1475
1476
1476
1477
1478
1479
1479
1480
1480
1481
1481
1483
1483
1484
1484
1485
1485
1486
1486
1487
1487
1488
1488
1489
1489
1490
1490
1491
1491
1492
1492
1493
1493
1494
1494
1495
1495
1496
1496
1497
1497
1498
1499
1499
1500
1500
1501
1501
1502
1502
1502
1503
1503
1504
1505
1505
1506
1506
1507
1507
1508
1508
1508
1509
1509
1510
1511
1511
1512
1512
1513
1513
1514
1514
1514
1515
1515
1516
1517
1517
1518
1518
1519
1519
1520
1520
1520
1521
1521
1522
1522
1523
1523
1524
1524
1525
1525
1526
1527
1527
1528
1528
1529
1529
1530
1530
1530
1531
1531
1532
1533
1533
1534
1534
1535
1535
1536
1536
1536
1537
1537
1538
1539
1539
1540
1540
1541
1541
1542
1542
1542
1543
1543
1544
1545
1545
1546
1546
1547
1547
1548
1548
1548
1549
1549
1550
1550
1551
1551
1552
1552
1553
1553
1554
1555
1555
1556
1556
1557
1557
1558
1558
1558
1559
1559
1560
1561
1561
1562
1562
1563
1563
1564
1564
1564
1565
1565
1566
1567
1567
1568
1568
1569
1569
1570
1570
1570
1571
1571
1572
1573
1573
1574
1574
1575
1575
1576
1576
1576
1577
1577
1578
1578
1579
1579
1580
1580
1581
1581
1582
1583
1583
1584
1584
1585
1585
1586
1586
1586
1587
1587
1588
1589
1589
1590
1590
1591
1591
1592
1592
1592
1593
1593
1594
1595
1595
1596
1596
1597
1597
1598
1598
1598
1599
1599
1600
1601
1601
1602
1602
1603
1603
1604
1604
1604
1605
1605
1606
1606
1607
1607
1608
1608
1609
1609
1610
1610
1611
1611
1612
1612
1613
1613
1614
1614
1615
1615
1616
1616
1617
1617
1618
1619
1619
1620
1620
1621
1621
1622
1622
1622
1623
1623
1624
1625
1625
1626
1626
1627
1627
1628
1628
1628
1629
1629
1630
1631
1631
1632
1632
1633
1633
1634
1634
1634
1635
1635
1636
1637
1637
1638
1638
1639
1639
1640
1640
1640
1641
1641
1642
1642
1643
1643
1644
1644
1645
1645
1646
1647
1647
1648
1648
1649
1649
1650
1650
1650
1651
1651
1652
1653
1653
1654
1654
1655
1655
1656
1656
1656
1657
1657
1658
1659
1659
1660
1660
1661
1661
1662
1662
1662
1663
1663
1664
1665
1665
1666
1666
1667
1667
1668
1668
1668
1669
1669
1670
1670
1671
1671
1672
1672
1673
1673
1674
1675
1675
1676
1676
1677
1677
1678
1678
1678
1679
1679
1680
1681
1681
1682
1682
1683
1683
1684
1684
1684
1685
1685
1686
1687
1687
1688
1688
1689
1689
1690
1690
1690
1691
1691
1692
1693
1693
1694
1694
1695
1695
1696
1696
1696
1697
1697
1698
1698
1699
1699
1700
1700
1701
1701
1702
1703
1703
1704
1704
1705
1705
1706
1706
1706
1707
1707
1708
1709
1709
1710
1710
1711
1711
1712
1712
1712
1713
1713
1714
1715
1715
1716
1716
1717
1717
1718
1718
1718
1719
1719
1720
1721
1721
1722
1722
1723
1723
1724
1724
1724
1725
1725
1726
1726
1727
1727
1728
1728
1729
1729
1730
1730
1731
1731
1732
1732
1733
1733
1734
1734
1735
1735
1736
1736
1737
1737
1738
1739
1740
1741
1742
1743
1744
1745
1746
1747
1748
1749
1750
1751
1752
1753
1754
1754
1755
1755
1756
1756
1757
1757
1758
1758
1759
1759
1760
1760
1761
1761
1762
1762
1763
1763
1764
1764
1765
1765
1766
1766
1767
1767
1768
1768
1769
1769
1771
1772
1773
1774
1775
1775
1776
1776
1777
1777
1779
1779
1780
1781
1781
1782
1782
1783
1783
1784
1784
1784
1785
1785
1786
1787
1788
1789
1790
1790
1791
1791
1792
1793
1793
1794
1794
1795
1795
1796
1796
1796
1797
1797
1798
1799
1799
1800
1800
1801
1801
1802
1802
1803
1805
1805
1805
1806
1806
1807
1807
1808
1809
1810
1810
1811
1812
1812
1813
1814
1814
1815
1816
1816
11
10
9
8
7
6
5
4
3
2
1
0
12
135
134
132
133
131
130
128
129
127
126
125
123
124
122
121
119
120
118
117
116
114
115
113
112
111
109
110
108
107
105
106
104
103
102
100
101
99
98
96
97
95
94
93
91
92
90
89
87
88
86
85
84
82
83
81
80
78
79
77
76
75
73
74
72
71
69
70
68
67
66
65
64
63
62
61
60
59
58
57
56
55
54
53
52
51
50
49
48
47
46
45
44
43
42
41
40
39
38
37
36
35
34
33
32
31
30
29
28
27
26
25
24
23
22
21
20
19
18
17
16
15
14
13
12
11
10
9
8
7
6
5
4
3
2
1
0
135
134
132
133
131
130
128
129
127
126
125
123
124
122
121
119
120
118
117
116
114
115
113
112
111
109
110
108
107
105
106
104
103
102
100
101
99
98
96
97
95
94
93
91
92
90
89
87
88
86
85
84
82
83
81
80
78
79
77
76
75
73
74
72
71
69
70
68
67
66
65
64
63
62
61
60
59
58
57
56
55
54
53
52
51
50
49
48
47
46
45
44
43
42
41
40
39
38
37
36
35
34
33
32
31
30
29
28
27
26
25
24
23
22
21
20
19
18
17
16
15
14
13
1080
1077
1079
1066
1078
1067
1076
1073
1075
1068
1074
1069
1072
1071
1070
1065
1064
1060
1061
1063
1054
1062
1055
1059
1058
1038
1039
1057
1056
1040
1041
1053
1052
1048
1049
1051
1026
1050
1027
1047
1046
1042
1043
1045
1028
1044
1029
1037
1036
1035
1034
1033
1032
1031
1030
1025
1024
1020
1021
1023
1014
1022
1015
1019
1018
998
999
1017
1016
1000
1001
1013
1012
1008
1009
1011
986
1010
987
1007
1006
1002
1003
1005
988
1004
989
997
996
995
994
993
992
991
990
1818
1814
1816
1817
1815
1805
1813
1810
1812
1806
1811
1807
1809
1808
1754
1755
1802
1803
1804
1801
1800
1796
1797
1799
1790
1798
1791
1795
1794
1756
1757
1793
1792
1758
1759
1789
1788
1784
1785
1787
1786
1779
1783
1782
1760
1761
1781
1780
1762
1763
1777
1778
1776
1775
1764
1765
1774
1773
1766
1767
1772
1771
1768
1769
1770
1483
985
984
980
981
983
974
982
975
979
978
958
959
977
976
960
961
973
972
968
969
971
946
1753
970
1724
947
1752
967
1725
966
962
963
965
948
1751
964
1726
949
1750
957
1727
956
955
954
953
952
951
950
1749
1728
1748
1729
1747
1730
1746
945
1731
944
940
941
943
934
942
935
939
938
918
919
937
936
920
921
933
932
928
929
931
912
930
913
927
926
922
923
925
914
924
915
917
916
1745
1732
1744
1733
1743
1734
1742
1735
1741
1736
1740
1737
1081
1739
1738
1082
1083
1723
1722
1718
1719
1721
1712
1720
1713
1717
1716
1696
1697
1715
1714
1698
1699
1711
1710
1706
1707
1709
1668
1708
1669
1705
1704
1700
1701
1703
1670
1702
1671
1695
1694
1690
1691
1693
1684
1692
1685
1689
1688
1604
1605
1687
1686
1606
1607
1683
1682
1678
1679
1681
1672
1680
1673
1677
911
1676
910
1608
906
1609
907
1675
909
1674
900
1610
908
1611
901
1667
905
1666
904
1662
884
1663
885
1665
903
1656
902
1664
886
1657
887
1661
899
1660
898
1640
894
1641
895
1659
897
1658
876
1642
896
1643
877
1655
893
1654
892
1650
888
1651
889
1653
891
1484
878
1652
890
1485
879
1649
1648
883
1644
1645
1647
882
1486
881
1646
1487
1639
1638
1634
1635
1637
1628
1636
1629
880
1633
1632
1612
1613
1631
1630
1614
875
1615
874
1627
870
1626
871
1622
873
1623
864
1625
872
1488
865
1624
869
1489
868
1621
424
1620
425
1616
867
1617
866
1619
426
1490
427
1618
447
1491
448
1603
446
1602
443
1598
441
1599
440
1601
442
1592
433
1600
445
1593
444
1597
428
1596
429
1576
431
1577
432
1595
430
1594
415
1578
423
1579
422
1591
1590
1586
421
1587
420
1589
1548
1588
1549
1585
1584
1580
1581
1583
419
1550
418
1582
1551
1575
417
1574
416
1570
1571
1573
1564
1572
1565
1569
1568
1084
1085
1567
1566
1086
1087
1563
1562
1558
1559
1561
1552
1560
1553
1557
1556
1088
1089
1555
1554
1090
1091
1547
1546
1542
1543
1545
1536
1544
1537
1541
1540
1520
1521
1539
1538
1522
1523
1535
1534
1530
1531
1533
1492
1532
1493
1529
1528
1524
1525
1527
1494
1526
1495
1519
1518
1514
1515
1517
1508
1516
1509
1513
1512
1092
1093
1511
1510
1094
1095
1507
1506
1502
1503
1505
1496
1504
1497
1501
1500
1096
1097
1499
1498
1098
1099
1481
1482
1480
1479
1475
1476
1478
1469
1477
1470
1474
1473
1455
1456
1472
1471
1457
1458
1468
1465
1466
1467
1428
1464
1463
1459
1460
1462
1429
1461
1430
1454
1453
1449
1450
1452
1443
1451
1444
1448
1447
1379
1380
1446
1445
1381
1382
1442
1441
1437
1438
1440
1431
1439
1432
1436
1435
1383
1384
1434
1433
1385
1386
1427
1426
1425
1415
1416
1424
1423
1417
1418
1419
1420
1421
1422
1414
1413
1409
1410
1412
1403
1411
1404
1408
1407
1387
1388
1406
1405
1389
1390
1402
1401
1397
1398
1400
1263
1399
1264
1396
1395
1391
1392
1394
1265
1393
1266
1378
1377
1373
1374
1376
1367
1375
1368
1372
1371
1351
1352
1370
1369
1353
1354
1366
1365
1361
1362
1364
1323
1363
1324
1360
1359
1355
1356
1358
1325
1357
1326
1350
1349
1345
1346
1348
1339
1347
1340
1344
1343
1100
1101
1342
1341
1102
1103
1338
1337
1333
1334
1336
1327
1335
1328
1332
1331
1104
1105
1330
1329
1106
1107
1322
1321
1317
1318
1320
1311
1319
1312
1316
1315
1295
1296
1314
1313
1297
1298
1310
1309
1305
1306
1308
1267
1307
1268
1304
1303
1299
1300
1302
1269
1301
1270
1294
1293
1289
1290
1292
1283
1291
1284
1288
1287
1108
1109
1286
1285
1110
1111
1282
1281
1277
1278
1280
1271
1279
1272
1276
1275
1112
1113
1274
1273
1114
1115
1262
1257
1261
1258
1256
1255
1251
1260
1259
1246
1247
1249
1250
1248
1233
1252
1253
1254
1231
1230
1232
1217
1229
1228
1218
1219
1227
1226
1220
1221
1222
1223
1224
1225
1245
1244
1240
1241
1243
1234
1242
1235
1239
1238
1192
1193
1237
1236
1194
1195
1215
1216
1214
1211
1209
1208
1210
1201
1213
1212
1196
1197
1199
1200
1198
1167
1191
1190
1186
1187
1189
1180
1188
1181
1185
1184
1116
1117
1183
1182
1118
1119
1179
1178
1174
1175
1177
1168
1176
1169
1173
1172
1120
1121
1171
1170
1122
1123
1207
1206
1202
1203
1205
1160
1204
1161
1165
1164
1166
1145
1163
1162
1146
1147
1159
1158
1154
1155
1157
852
1156
853
1153
1152
1148
1149
1151
854
1150
855
1143
1144
1142
1139
1137
1136
1138
439
1129
438
1141
434
1140
435
1124
437
1125
408
1127
436
1128
409
1126
413
863
412
1135
414
1134
393
1130
411
1131
410
1133
394
856
395
1132
407
857
406
861
402
860
403
862
405
449
381
859
404
858
382
450
401
451
400
396
851
397
848
399
849
383
398
850
384
843
391
847
392
846
830
831
390
845
389
844
832
833
840
841
842
803
839
838
388
834
387
835
837
804
386
836
385
805
829
828
824
825
827
818
826
819
823
822
380
452
379
453
375
821
376
820
378
454
369
455
377
817
370
816
374
812
373
813
353
815
354
806
372
814
371
807
355
811
356
810
368
456
367
457
363
809
364
808
366
458
341
459
365
342
800
362
801
361
357
802
358
795
360
799
343
798
359
782
344
783
352
797
351
796
784
785
350
349
792
793
794
755
791
790
786
787
789
756
348
788
347
757
781
780
346
776
345
777
779
770
778
771
775
774
460
461
773
772
462
463
769
768
764
765
767
758
766
759
763
762
464
465
761
760
466
467
752
753
754
747
751
750
340
734
339
735
335
749
336
748
338
736
329
737
337
330
744
334
745
333
313
746
314
707
332
743
331
742
315
738
316
739
328
741
327
708
323
740
324
709
326
733
301
732
325
728
302
729
322
731
321
722
317
730
318
723
320
727
303
726
319
468
304
469
312
725
311
724
470
471
310
721
309
720
716
717
719
710
718
711
715
714
472
473
308
713
307
712
474
475
306
305
704
705
706
699
703
702
686
687
701
700
300
688
299
689
295
296
696
298
697
289
297
698
290
659
294
695
293
694
273
690
274
691
292
693
291
660
275
692
276
661
288
685
287
684
283
680
284
681
286
683
261
674
285
682
262
675
282
679
281
678
277
476
278
477
280
677
263
676
279
478
264
479
272
673
271
672
668
669
270
671
269
662
670
663
667
666
480
481
665
664
482
483
268
267
656
657
266
658
265
651
655
654
638
639
653
652
640
641
648
649
650
611
647
646
642
643
645
612
644
613
637
636
632
633
635
626
634
627
631
630
484
485
629
628
486
487
625
624
620
621
623
614
622
615
619
618
488
489
617
616
490
491
608
609
610
603
607
606
590
591
605
604
592
593
600
601
602
563
599
598
594
595
597
564
596
565
589
588
584
585
587
578
586
579
583
582
492
493
581
580
494
495
577
576
572
573
575
566
574
567
571
570
496
497
569
568
498
499
560
561
562
555
559
558
542
543
557
556
544
545
552
553
554
515
551
550
546
547
549
516
548
517
541
540
536
537
539
530
538
531
535
534
500
501
533
532
502
503
529
528
524
525
527
518
526
519
523
522
504
505
521
520
506
507
514
513
512
511
510
509
508
260
259
255
256
258
249
257
250
254
253
233
234
252
251
235
236
248
247
243
244
246
221
245
222
242
241
237
238
240
223
239
224
232
231
230
229
228
227
226
225
220
219
215
216
218
209
217
210
214
213
193
194
212
211
195
196
208
207
203
204
206
181
205
182
202
201
197
198
200
183
199
184
192
191
190
189
188
187
186
185
180
179
175
176
178
169
177
170
174
173
153
154
172
171
155
156
168
167
163
164
166
141
165
142
162
161
157
158
160
143
159
144
152
151
150
149
148
147
146
145
140
139
138
137
136
12
11
10
9
8
7
6
5
4
3
2
1
0
135
134
132
133
131
130
128
129
127
126
125
123
124
122
121
119
120
118
117
116
114
115
113
112
111
109
110
108
107
105
106
104
103
102
100
101
99
98
96
97
95
94
93
91
92
90
89
87
88
86
85
84
82
83
81
80
78
79
77
76
75
73
74
72
71
69
70
68
67
66
65
64
63
62
61
60
59
58
57
56
55
54
53
52
51
50
49
48
47
46
45
44
43
42
41
40
39
38
37
36
35
34
33
32
31
30
29
28
27
26
25
24
23
22
21
20
19
18
17
16
15
14
13
1080
1077
1079
1066
1078
1067
1076
1073
1075
1068
1074
1069
1072
1071
1070
1065
1064
1060
1061
1063
1054
1062
1055
1059
1058
1038
1039
1057
1056
1040
1041
1053
1052
1048
1049
1051
1026
1050
1027
1047
1046
1042
1043
1045
1028
1044
1029
1037
1036
1035
1034
1033
1032
1031
1030
1025
1024
1020
1021
1023
1014
1022
1015
1019
1018
998
999
1017
1016
1000
1001
1013
1012
1008
1009
1011
986
1010
987
1007
1006
1002
1003
1005
988
1004
989
997
996
995
994
993
992
991
990
1818
1814
1816
1817
1815
1805
1813
1810
1812
1806
1811
1807
1809
1808
1754
1755
1802
1803
1804
1801
1800
1796
1797
1799
1790
1798
1791
1795
1794
1756
1757
1793
1792
1758
1759
1789
1788
1784
1785
1787
1786
1779
1783
1782
1760
1761
1781
1780
1762
1763
1777
1778
1776
1775
1764
1765
1774
1773
1766
1767
1772
1771
1768
1769
1770
1483
985
984
980
981
983
974
982
975
979
978
958
959
977
976
960
961
973
972
968
969
971
946
1753
970
1724
947
1752
967
1725
966
962
963
965
948
1751
964
1726
949
1750
957
1727
956
955
954
953
952
951
950
1749
1728
1748
1729
1747
1730
1746
945
1731
944
940
941
943
934
942
935
939
938
918
919
937
936
920
921
933
932
928
929
931
912
930
913
927
926
922
923
925
914
924
915
917
916
1745
1732
1744
1733
1743
1734
1742
1735
1741
1736
1740
1737
1081
1739
1738
1082
1083
1723
1722
1718
1719
1721
1712
1720
1713
1717
1716
1696
1697
1715
1714
1698
1699
1711
1710
1706
1707
1709
1668
1708
1669
1705
1704
1700
1701
1703
1670
1702
1671
1695
1694
1690
1691
1693
1684
1692
1685
1689
1688
1604
1605
1687
1686
1606
1607
1683
1682
1678
1679
1681
1672
1680
1673
911
1677
910
1676
906
1608
907
1609
909
1675
900
1674
908
1610
901
1611
905
1667
904
1666
884
1662
885
1663
903
1665
902
1656
886
1664
887
1657
899
1661
898
1660
894
1640
895
1641
897
1659
876
1658
896
1642
877
1643
893
1655
892
1654
888
1650
889
1651
891
1653
878
1484
890
1652
879
1485
1649
883
1648
1644
1645
882
1647
881
1486
1646
1487
1639
1638
1634
1635
1637
1628
1636
880
1629
1633
1632
1612
1613
1631
1630
875
1614
874
1615
870
1627
871
1626
873
1622
864
1623
872
1625
865
1488
869
1624
868
1489
424
1621
425
1620
867
1616
866
1617
426
1619
427
1490
447
1618
448
1491
446
1603
443
1602
441
1598
440
1599
442
1601
433
1592
445
1600
444
1593
428
1597
429
1596
431
1576
432
1577
430
1595
415
1594
423
1578
422
1579
1591
1590
421
1586
420
1587
1589
1548
1588
1549
1585
1584
1580
1581
419
1583
418
1550
1582
1551
417
1575
416
1574
1570
1571
1573
1564
1572
1565
1569
1568
1084
1085
1567
1566
1086
1087
1563
1562
1558
1559
1561
1552
1560
1553
1557
1556
1088
1089
1555
1554
1090
1091
1547
1546
1542
1543
1545
1536
1544
1537
1541
1540
1520
1521
1539
1538
1522
1523
1535
1534
1530
1531
1533
1492
1532
1493
1529
1528
1524
1525
1527
1494
1526
1495
1519
1518
1514
1515
1517
1508
1516
1509
1513
1512
1092
1093
1511
1510
1094
1095
1507
1506
1502
1503
1505
1496
1504
1497
1501
1500
1096
1097
1499
1498
1098
1099
1481
1482
1480
1479
1475
1476
1478
1469
1477
1470
1474
1473
1455
1456
1472
1471
1457
1458
1468
1465
1466
1467
1428
1464
1463
1459
1460
1462
1429
1461
1430
1454
1453
1449
1450
1452
1443
1451
1444
1448
1447
1379
1380
1446
1445
1381
1382
1442
1441
1437
1438
1440
1431
1439
1432
1436
1435
1383
1384
1434
1433
1385
1386
1427
1426
1425
1415
1416
1424
1423
1417
1418
1419
1420
1421
1422
1414
1413
1409
1410
1412
1403
1411
1404
1408
1407
1387
1388
1406
1405
1389
1390
1402
1401
1397
1398
1400
1263
1399
1264
1396
1395
1391
1392
1394
1265
1393
1266
1378
1377
1373
1374
1376
1367
1375
1368
1372
1371
1351
1352
1370
1369
1353
1354
1366
1365
1361
1362
1364
1323
1363
1324
1360
1359
1355
1356
1358
1325
1357
1326
1350
1349
1345
1346
1348
1339
1347
1340
1344
1343
1100
1101
1342
1341
1102
1103
1338
1337
1333
1334
1336
1327
1335
1328
1332
1331
1104
1105
1330
1329
1106
1107
1322
1321
1317
1318
1320
1311
1319
1312
1316
1315
1295
1296
1314
1313
1297
1298
1310
1309
1305
1306
1308
1267
1307
1268
1304
1303
1299
1300
1302
1269
1301
1270
1294
1293
1289
1290
1292
1283
1291
1284
1288
1287
1108
1109
1286
1285
1110
1111
1282
1281
1277
1278
1280
1271
1279
1272
1276
1275
1112
1113
1274
1273
1114
1115
1262
1257
1261
1258
1256
1255
1251
1260
1259
1246
1247
1249
1250
1248
1233
1252
1253
1254
1231
1230
1232
1217
1229
1228
1218
1219
1227
1226
1220
1221
1222
1223
1224
1225
1245
1244
1240
1241
1243
1234
1242
1235
1239
1238
1192
1193
1237
1236
1194
1195
1215
1216
1214
1211
1209
1208
1210
1201
1213
1212
1196
1197
1199
1200
1198
1167
1191
1190
1186
1187
1189
1180
1188
1181
1185
1184
1116
1117
1183
1182
1118
1119
1179
1178
1174
1175
1177
1168
1176
1169
1173
1172
1120
1121
1171
1170
1122
1123
1207
1206
1202
1203
1205
1160
1204
1161
1165
1164
1166
1145
1163
1162
1146
1147
1159
1158
1154
1155
1157
852
1156
853
1153
1152
1148
1149
1151
854
1150
855
1143
1144
1142
1139
1137
1136
1138
439
1129
438
1141
434
1140
435
1124
437
1125
408
1127
436
1128
409
1126
413
863
412
1135
414
1134
393
1130
411
1131
410
1133
394
856
395
1132
407
857
406
861
402
860
403
862
405
449
381
859
404
858
382
450
401
451
400
396
851
397
848
399
383
849
398
850
384
391
843
392
847
846
830
390
831
389
845
844
832
833
840
841
842
803
839
388
838
387
834
835
837
386
804
385
836
805
829
828
824
825
827
818
826
819
823
380
822
379
452
375
453
376
821
378
820
369
454
377
455
370
817
374
816
373
812
353
813
354
815
372
806
371
814
355
807
356
811
368
810
367
456
363
457
364
809
366
808
341
458
365
459
342
800
362
361
801
357
802
358
360
795
343
799
359
798
344
782
352
783
351
797
796
784
350
785
349
792
793
794
755
791
790
786
787
789
348
756
347
788
757
781
346
780
345
776
777
779
770
778
771
775
774
460
461
773
772
462
463
769
768
764
765
767
758
766
759
763
762
464
465
761
760
466
467
752
753
754
747
751
340
750
339
734
335
735
336
749
338
748
329
736
337
737
330
744
334
333
745
313
746
314
332
707
331
743
315
742
316
738
328
739
327
741
323
708
324
740
326
709
301
733
325
732
302
728
322
729
321
731
317
722
318
730
320
723
303
727
319
726
304
468
312
469
311
725
724
470
310
471
309
721
720
716
717
719
710
718
711
715
714
472
308
473
307
713
712
474
306
475
305
704
705
706
699
703
702
686
687
701
300
700
299
688
295
689
296
696
298
289
697
297
698
290
294
659
293
695
273
694
274
690
292
691
291
693
275
660
276
692
288
661
287
685
283
684
284
680
286
681
261
683
285
674
262
682
282
675
281
679
277
678
278
476
280
477
263
677
279
676
264
478
272
479
271
673
672
668
270
669
269
671
662
670
663
667
666
480
481
665
664
482
268
483
267
656
657
266
658
265
651
655
654
638
639
653
652
640
641
648
649
650
611
647
646
642
643
645
612
644
613
637
636
632
633
635
626
634
627
631
630
484
485
629
628
486
487
625
624
620
621
623
614
622
615
619
618
488
489
617
616
490
491
608
609
610
603
607
606
590
591
605
604
592
593
600
601
602
563
599
598
594
595
597
564
596
565
589
588
584
585
587
578
586
579
583
582
492
493
581
580
494
495
577
576
572
573
575
566
574
567
571
570
496
497
569
568
498
499
560
561
562
555
559
558
542
543
557
556
544
545
552
553
554
515
551
550
546
547
549
516
548
517
541
540
536
537
539
530
538
531
535
534
500
501
533
532
502
503
529
528
524
525
527
518
526
519
523
522
504
505
521
520
506
507
514
513
512
511
510
509
508
260
259
255
256
258
249
257
250
254
253
233
234
252
251
235
236
248
247
243
244
246
221
245
222
242
241
237
238
240
223
239
224
232
231
230
229
228
227
226
225
220
219
215
216
218
209
217
210
214
213
193
194
212
211
195
196
208
207
203
204
206
181
205
182
202
201
197
198
200
183
199
184
192
191
190
189
188
187
186
185
180
179
175
176
178
169
177
170
174
173
153
154
172
171
155
156
168
167
163
164
166
141
165
142
162
161
157
158
160
143
159
144
152
151
150
149
148
147
146
145
140
139
138
137
136
12
135
1072
1073
1076
1077
1080
1081
1081
1739
1740
1741
1742
1743
1744
1745
1746
1747
1748
1749
1750
1751
1752
1753
1754
1809
1810
1810
1813
1814
1818
0
136
145
148
147
146
149
152
151
150
185
188
187
186
189
192
191
190
225
228
227
226
229
232
231
230
265
268
267
266
269
272
271
270
305
308
307
306
309
312
311
310
345
348
347
346
349
352
351
350
385
389
388
387
386
390
392
391
416
419
418
417
420
423
422
421
880
880
890
889
881
888
881
882
883
883
884
915
924
923
922
921
917
916
916
920
950
953
952
951
954
957
956
955
990
993
992
991
994
997
996
995
1030
1033
1032
1031
1034
1037
1036
1035
1070
1072
1071
)


// ************************************************************************* //
