/*--------------------------------*- C++ -*----------------------------------*\
| =========                 |                                                 |
| \\      /  F ield         | OpenFOAM: The Open Source CFD Toolbox           |
|  \\    /   O peration     | Version:  2306                                  |
|   \\  /    A nd           | Website:  www.openfoam.com                      |
|    \\/     M anipulation  |                                                 |
\*---------------------------------------------------------------------------*/
FoamFile
{
    version     2.0;
    format      ascii;
    arch        "LSB;label=32;scalar=64";
    class       vectorField;
    location    "constant/polyMesh";
    object      points;
}
// * * * * * * * * * * * * * * * * * * * * * * * * * * * * * * * * * * * * * //


3920
(
(0.0570813 0.0100163 -0.01)
(0.0570813 0.0100163 0)
(0.0555374 0.010439 -0.01)
(0.0555374 0.010439 0)
(0.0560347 0.0104346 -0.01)
(0.0560347 0.0104346 0)
(0.0555243 0.0109495 -0.01)
(0.0555243 0.0109495 0)
(0.0560285 0.0109413 -0.01)
(0.0560285 0.0109413 0)
(0.0565437 0.0104223 -0.01)
(0.0565437 0.0104223 0)
(0.0570585 0.0104423 -0.01)
(0.0570585 0.0104423 0)
(0.0565361 0.0109317 -0.01)
(0.0565361 0.0109317 0)
(0.0570445 0.010926 -0.01)
(0.0570445 0.010926 0)
(0.0575171 0.0100664 -0.01)
(0.0575171 0.0100664 0)
(0.0578324 0.0100726 -0.01)
(0.0578324 0.0100726 0)
(0.0575479 0.0104519 -0.01)
(0.0575479 0.0104519 0)
(0.0580646 0.0103607 -0.01)
(0.0580646 0.0103607 0)
(0.0575493 0.0109156 -0.01)
(0.0575493 0.0109156 0)
(0.0580583 0.0109032 -0.01)
(0.0580583 0.0109032 0)
(0.0586105 0.0104787 -0.01)
(0.0586105 0.0104787 0)
(0.0590626 0.0105532 -0.01)
(0.0590626 0.0105532 0)
(0.0585656 0.0109301 -0.01)
(0.0585656 0.0109301 0)
(0.0590493 0.0109638 -0.01)
(0.0590493 0.0109638 0)
(0.0594789 0.0106044 -0.01)
(0.0594789 0.0106044 0)
(0.0597857 0.0106106 -0.01)
(0.0597857 0.0106106 0)
(0.0595202 0.0109771 -0.01)
(0.0595202 0.0109771 0)
(0.0600231 0.0108904 -0.01)
(0.0600231 0.0108904 0)
(0.0605742 0.0109993 -0.01)
(0.0605742 0.0109993 0)
(0.0610086 0.0110468 -0.01)
(0.0610086 0.0110468 0)
(0.053505 0.0114894 -0.01)
(0.053505 0.0114894 0)
(0.0540066 0.0114857 -0.01)
(0.0540066 0.0114857 0)
(0.0535015 0.0119968 -0.01)
(0.0535015 0.0119968 0)
(0.0540021 0.0119953 -0.01)
(0.0540021 0.0119953 0)
(0.0545081 0.0114818 -0.01)
(0.0545081 0.0114818 0)
(0.0550099 0.0114776 -0.01)
(0.0550099 0.0114776 0)
(0.0545027 0.0119937 -0.01)
(0.0545027 0.0119937 0)
(0.0550036 0.0119917 -0.01)
(0.0550036 0.0119917 0)
(0.0535004 0.0124992 -0.01)
(0.0535004 0.0124992 0)
(0.0540005 0.0124988 -0.01)
(0.0540005 0.0124988 0)
(0.0535001 0.0129999 -0.01)
(0.0535001 0.0129999 0)
(0.0540001 0.0129998 -0.01)
(0.0540001 0.0129998 0)
(0.0545007 0.0124983 -0.01)
(0.0545007 0.0124983 0)
(0.055001 0.0124976 -0.01)
(0.055001 0.0124976 0)
(0.0545001 0.0129996 -0.01)
(0.0545001 0.0129996 0)
(0.0550002 0.0129995 -0.01)
(0.0550002 0.0129995 0)
(0.0555124 0.0114725 -0.01)
(0.0555124 0.0114725 0)
(0.0560163 0.0114652 -0.01)
(0.0560163 0.0114652 0)
(0.055505 0.0119888 -0.01)
(0.055505 0.0119888 0)
(0.056007 0.0119847 -0.01)
(0.056007 0.0119847 0)
(0.0565216 0.0114561 -0.01)
(0.0565216 0.0114561 0)
(0.0570276 0.011446 -0.01)
(0.0570276 0.011446 0)
(0.0565099 0.0119791 -0.01)
(0.0565099 0.0119791 0)
(0.0570133 0.0119722 -0.01)
(0.0570133 0.0119722 0)
(0.0555016 0.0124965 -0.01)
(0.0555016 0.0124965 0)
(0.0560024 0.0124948 -0.01)
(0.0560024 0.0124948 0)
(0.0555004 0.0129991 -0.01)
(0.0555004 0.0129991 0)
(0.0560006 0.0129986 -0.01)
(0.0560006 0.0129986 0)
(0.0565036 0.0124924 -0.01)
(0.0565036 0.0124924 0)
(0.0570051 0.0124891 -0.01)
(0.0570051 0.0124891 0)
(0.056501 0.0129978 -0.01)
(0.056501 0.0129978 0)
(0.0570015 0.0129967 -0.01)
(0.0570015 0.0129967 0)
(0.0535 0.0135 -0.01)
(0.0535 0.0135 0)
(0.054 0.0135 -0.01)
(0.054 0.0135 0)
(0.0535 0.014 -0.01)
(0.0535 0.014 0)
(0.054 0.014 -0.01)
(0.054 0.014 0)
(0.0545 0.0134999 -0.01)
(0.0545 0.0134999 0)
(0.055 0.0134999 -0.01)
(0.055 0.0134999 0)
(0.0545 0.014 -0.01)
(0.0545 0.014 0)
(0.055 0.014 -0.01)
(0.055 0.014 0)
(0.0535 0.0145001 -0.01)
(0.0535 0.0145001 0)
(0.054 0.0145001 -0.01)
(0.054 0.0145001 0)
(0.0535 0.0150007 -0.01)
(0.0535 0.0150007 0)
(0.054 0.0150005 -0.01)
(0.054 0.0150005 0)
(0.0545 0.0145001 -0.01)
(0.0545 0.0145001 0)
(0.055 0.0145 -0.01)
(0.055 0.0145 0)
(0.0544999 0.0150004 -0.01)
(0.0544999 0.0150004 0)
(0.0549999 0.0150003 -0.01)
(0.0549999 0.0150003 0)
(0.0555001 0.0134998 -0.01)
(0.0555001 0.0134998 0)
(0.0560001 0.0134997 -0.01)
(0.0560001 0.0134997 0)
(0.0555 0.014 -0.01)
(0.0555 0.014 0)
(0.056 0.014 -0.01)
(0.056 0.014 0)
(0.0565002 0.0134995 -0.01)
(0.0565002 0.0134995 0)
(0.0570004 0.0134992 -0.01)
(0.0570004 0.0134992 0)
(0.0565 0.0139999 -0.01)
(0.0565 0.0139999 0)
(0.0570001 0.0139999 -0.01)
(0.0570001 0.0139999 0)
(0.0555 0.0145 -0.01)
(0.0555 0.0145 0)
(0.0405 0.016 -0.01)
(0.0405 0.016 0)
(0.041 0.016 -0.01)
(0.041 0.016 0)
(0.0395 0.0165 -0.01)
(0.0395 0.0165 0)
(0.04 0.0165 -0.01)
(0.04 0.0165 0)
(0.0395 0.017 -0.01)
(0.0395 0.017 0)
(0.04 0.017 -0.01)
(0.04 0.017 0)
(0.0405 0.0165 -0.01)
(0.0405 0.0165 0)
(0.041 0.0165 -0.01)
(0.041 0.0165 0)
(0.0405 0.017 -0.01)
(0.0405 0.017 0)
(0.041 0.017 -0.01)
(0.041 0.017 0)
(0.0375 0.0175 -0.01)
(0.0375 0.0175 0)
(0.038 0.0175 -0.01)
(0.038 0.0175 0)
(0.0385 0.0175 -0.01)
(0.0385 0.0175 0)
(0.039 0.0175 -0.01)
(0.039 0.0175 0)
(0.0395 0.0175 -0.01)
(0.0395 0.0175 0)
(0.04 0.0175 -0.01)
(0.04 0.0175 0)
(0.0405 0.0175 -0.01)
(0.0405 0.0175 0)
(0.041 0.0175 -0.01)
(0.041 0.0175 0)
(0.0415 0.0155 -0.01)
(0.0415 0.0155 0)
(0.042 0.0155 -0.01)
(0.042 0.0155 0)
(0.0415 0.016 -0.01)
(0.0415 0.016 0)
(0.042 0.016 -0.01)
(0.042 0.016 0)
(0.0425 0.0155 -0.01)
(0.0425 0.0155 0)
(0.043 0.0155 -0.01)
(0.043 0.0155 0)
(0.0425 0.016 -0.01)
(0.0425 0.016 0)
(0.043 0.016 -0.01)
(0.043 0.016 0)
(0.0415 0.0165 -0.01)
(0.0415 0.0165 0)
(0.042 0.0165 -0.01)
(0.042 0.0165 0)
(0.0415 0.017 -0.01)
(0.0415 0.017 0)
(0.042 0.017 -0.01)
(0.042 0.017 0)
(0.0425 0.0165 -0.01)
(0.0425 0.0165 0)
(0.043 0.0165 -0.01)
(0.043 0.0165 0)
(0.0425 0.017 -0.01)
(0.0425 0.017 0)
(0.043 0.017 -0.01)
(0.043 0.017 0)
(0.0435 0.0155 -0.01)
(0.0435 0.0155 0)
(0.044 0.0155 -0.01)
(0.044 0.0155 0)
(0.0435 0.016 -0.01)
(0.0435 0.016 0)
(0.044 0.016 -0.01)
(0.044 0.016 0)
(0.0445 0.0155 -0.01)
(0.0445 0.0155 0)
(0.045 0.0155 -0.01)
(0.045 0.0155 0)
(0.0445 0.016 -0.01)
(0.0445 0.016 0)
(0.045 0.016 -0.01)
(0.045 0.016 0)
(0.0435 0.0165 -0.01)
(0.0435 0.0165 0)
(0.044 0.0165 -0.01)
(0.044 0.0165 0)
(0.0435 0.017 -0.01)
(0.0435 0.017 0)
(0.044 0.017 -0.01)
(0.044 0.017 0)
(0.0445 0.0165 -0.01)
(0.0445 0.0165 0)
(0.045 0.0165 -0.01)
(0.045 0.0165 0)
(0.0445 0.017 -0.01)
(0.0445 0.017 0)
(0.045 0.017 -0.01)
(0.045 0.017 0)
(0.0415 0.0175 -0.01)
(0.0415 0.0175 0)
(0.042 0.0175 -0.01)
(0.042 0.0175 0)
(0.0425 0.0175 -0.01)
(0.0425 0.0175 0)
(0.043 0.0175 -0.01)
(0.043 0.0175 0)
(0.0435 0.0175 -0.01)
(0.0435 0.0175 0)
(0.044 0.0175 -0.01)
(0.044 0.0175 0)
(0.0445 0.0175 -0.01)
(0.0445 0.0175 0)
(0.045 0.0175 -0.01)
(0.045 0.0175 0)
(0.056 0.0145 -0.01)
(0.056 0.0145 0)
(0.0554999 0.0150003 -0.01)
(0.0554999 0.0150003 0)
(0.0559999 0.0150003 -0.01)
(0.0559999 0.0150003 0)
(0.0565 0.0145 -0.01)
(0.0565 0.0145 0)
(0.057 0.0145 -0.01)
(0.057 0.0145 0)
(0.0564999 0.0150002 -0.01)
(0.0564999 0.0150002 0)
(0.057 0.0150001 -0.01)
(0.057 0.0150001 0)
(0.0575331 0.0114351 -0.01)
(0.0575331 0.0114351 0)
(0.0580379 0.0114271 -0.01)
(0.0580379 0.0114271 0)
(0.0575167 0.0119645 -0.01)
(0.0575167 0.0119645 0)
(0.0580197 0.0119575 -0.01)
(0.0580197 0.0119575 0)
(0.0585404 0.0114287 -0.01)
(0.0585404 0.0114287 0)
(0.0590381 0.0114329 -0.01)
(0.0590381 0.0114329 0)
(0.058522 0.0119522 -0.01)
(0.058522 0.0119522 0)
(0.0590245 0.0119464 -0.01)
(0.0590245 0.0119464 0)
(0.0575067 0.0124852 -0.01)
(0.0575067 0.0124852 0)
(0.0580082 0.0124811 -0.01)
(0.0580082 0.0124811 0)
(0.0575021 0.0129952 -0.01)
(0.0575021 0.0129952 0)
(0.0580028 0.0129935 -0.01)
(0.0580028 0.0129935 0)
(0.0585099 0.0124768 -0.01)
(0.0585099 0.0124768 0)
(0.0590123 0.0124712 -0.01)
(0.0590123 0.0124712 0)
(0.0585036 0.0129914 -0.01)
(0.0585036 0.0129914 0)
(0.0590049 0.0129884 -0.01)
(0.0590049 0.0129884 0)
(0.0595349 0.0114267 -0.01)
(0.0595349 0.0114267 0)
(0.0600421 0.0114119 -0.01)
(0.0600421 0.0114119 0)
(0.0595282 0.0119369 -0.01)
(0.0595282 0.0119369 0)
(0.0600346 0.0119253 -0.01)
(0.0600346 0.0119253 0)
(0.0605539 0.0114283 -0.01)
(0.0605539 0.0114283 0)
(0.0610426 0.0114337 -0.01)
(0.0610426 0.0114337 0)
(0.0605416 0.0119164 -0.01)
(0.0605416 0.0119164 0)
(0.061046 0.0119017 -0.01)
(0.061046 0.0119017 0)
(0.0595159 0.0124632 -0.01)
(0.0595159 0.0124632 0)
(0.0600206 0.012453 -0.01)
(0.0600206 0.012453 0)
(0.0595068 0.012984 -0.01)
(0.0595068 0.012984 0)
(0.0600094 0.0129779 -0.01)
(0.0600094 0.0129779 0)
(0.0605258 0.0124411 -0.01)
(0.0605258 0.0124411 0)
(0.0610307 0.0124276 -0.01)
(0.0610307 0.0124276 0)
(0.0605123 0.0129703 -0.01)
(0.0605123 0.0129703 0)
(0.061015 0.0129617 -0.01)
(0.061015 0.0129617 0)
(0.0575005 0.0134988 -0.01)
(0.0575005 0.0134988 0)
(0.0580007 0.0134982 -0.01)
(0.0580007 0.0134982 0)
(0.0575001 0.0139998 -0.01)
(0.0575001 0.0139998 0)
(0.0580001 0.0139996 -0.01)
(0.0580001 0.0139996 0)
(0.058501 0.0134975 -0.01)
(0.058501 0.0134975 0)
(0.0590015 0.0134964 -0.01)
(0.0590015 0.0134964 0)
(0.0585002 0.0139994 -0.01)
(0.0585002 0.0139994 0)
(0.0590004 0.0139991 -0.01)
(0.0590004 0.0139991 0)
(0.0575 0.0145 -0.01)
(0.0575 0.0145 0)
(0.058 0.0145 -0.01)
(0.058 0.0145 0)
(0.0575 0.0150001 -0.01)
(0.0575 0.0150001 0)
(0.058 0.015 -0.01)
(0.058 0.015 0)
(0.0585 0.0144999 -0.01)
(0.0585 0.0144999 0)
(0.0590001 0.0144998 -0.01)
(0.0590001 0.0144998 0)
(0.0585 0.015 -0.01)
(0.0585 0.015 0)
(0.059 0.015 -0.01)
(0.059 0.015 0)
(0.0595023 0.0134946 -0.01)
(0.0595023 0.0134946 0)
(0.0600033 0.013492 -0.01)
(0.0600033 0.013492 0)
(0.0595006 0.0139986 -0.01)
(0.0595006 0.0139986 0)
(0.0600009 0.0139977 -0.01)
(0.0600009 0.0139977 0)
(0.0605046 0.0134885 -0.01)
(0.0605046 0.0134885 0)
(0.0610058 0.0134845 -0.01)
(0.0610058 0.0134845 0)
(0.0605014 0.0139965 -0.01)
(0.0605014 0.0139965 0)
(0.0610018 0.0139951 -0.01)
(0.0610018 0.0139951 0)
(0.0595001 0.0144997 -0.01)
(0.0595001 0.0144997 0)
(0.0600002 0.0144995 -0.01)
(0.0600002 0.0144995 0)
(0.0595 0.015 -0.01)
(0.0595 0.015 0)
(0.06 0.0149999 -0.01)
(0.06 0.0149999 0)
(0.0605003 0.0144992 -0.01)
(0.0605003 0.0144992 0)
(0.0610004 0.0144988 -0.01)
(0.0610004 0.0144988 0)
(0.0605 0.0149999 -0.01)
(0.0605 0.0149999 0)
(0.0610001 0.0149998 -0.01)
(0.0610001 0.0149998 0)
(0.0613213 0.0110503 -0.01)
(0.0613213 0.0110503 0)
(0.0615604 0.011334 -0.01)
(0.0615604 0.011334 0)
(0.0621234 0.011413 -0.01)
(0.0621234 0.011413 0)
(0.0615565 0.0118801 -0.01)
(0.0615565 0.0118801 0)
(0.0620687 0.0118873 -0.01)
(0.0620687 0.0118873 0)
(0.062603 0.0114305 -0.01)
(0.062603 0.0114305 0)
(0.0630707 0.011436 -0.01)
(0.0630707 0.011436 0)
(0.0625616 0.0118975 -0.01)
(0.0625616 0.0118975 0)
(0.0630446 0.0119032 -0.01)
(0.0630446 0.0119032 0)
(0.061535 0.0124155 -0.01)
(0.061535 0.0124155 0)
(0.0620363 0.0124108 -0.01)
(0.0620363 0.0124108 0)
(0.0615167 0.0129539 -0.01)
(0.0615167 0.0129539 0)
(0.0620165 0.0129488 -0.01)
(0.0620165 0.0129488 0)
(0.0625319 0.0124112 -0.01)
(0.0625319 0.0124112 0)
(0.0630234 0.0124131 -0.01)
(0.0630234 0.0124131 0)
(0.0625141 0.0129466 -0.01)
(0.0625141 0.0129466 0)
(0.0630103 0.0129461 -0.01)
(0.0630103 0.0129461 0)
(0.0635438 0.0114387 -0.01)
(0.0635438 0.0114387 0)
(0.0640241 0.0114403 -0.01)
(0.0640241 0.0114403 0)
(0.0635279 0.0119065 -0.01)
(0.0635279 0.0119065 0)
(0.0640156 0.0119086 -0.01)
(0.0640156 0.0119086 0)
(0.0645124 0.011441 -0.01)
(0.0645124 0.011441 0)
(0.0650055 0.0114414 -0.01)
(0.0650055 0.0114414 0)
(0.0645079 0.0119096 -0.01)
(0.0645079 0.0119096 0)
(0.0650036 0.0119102 -0.01)
(0.0650036 0.0119102 0)
(0.0635148 0.0124148 -0.01)
(0.0635148 0.0124148 0)
(0.0640082 0.0124161 -0.01)
(0.0640082 0.0124161 0)
(0.0635065 0.0129465 -0.01)
(0.0635065 0.0129465 0)
(0.0640036 0.0129469 -0.01)
(0.0640036 0.0129469 0)
(0.0645041 0.0124169 -0.01)
(0.0645041 0.0124169 0)
(0.0650018 0.0124172 -0.01)
(0.0650018 0.0124172 0)
(0.0645018 0.0129472 -0.01)
(0.0645018 0.0129472 0)
(0.0650008 0.0129473 -0.01)
(0.0650008 0.0129473 0)
(0.0615064 0.0134806 -0.01)
(0.0615064 0.0134806 0)
(0.0620062 0.0134777 -0.01)
(0.0620062 0.0134777 0)
(0.061502 0.0139936 -0.01)
(0.061502 0.0139936 0)
(0.062002 0.0139925 -0.01)
(0.062002 0.0139925 0)
(0.0625053 0.0134761 -0.01)
(0.0625053 0.0134761 0)
(0.0630039 0.0134754 -0.01)
(0.0630039 0.0134754 0)
(0.0625017 0.0139918 -0.01)
(0.0625017 0.0139918 0)
(0.0630012 0.0139915 -0.01)
(0.0630012 0.0139915 0)
(0.0615005 0.0144984 -0.01)
(0.0615005 0.0144984 0)
(0.0620005 0.014498 -0.01)
(0.0620005 0.014498 0)
(0.0615001 0.0149997 -0.01)
(0.0615001 0.0149997 0)
(0.0620001 0.0149996 -0.01)
(0.0620001 0.0149996 0)
(0.0625004 0.0144978 -0.01)
(0.0625004 0.0144978 0)
(0.0630003 0.0144977 -0.01)
(0.0630003 0.0144977 0)
(0.0625001 0.0149996 -0.01)
(0.0625001 0.0149996 0)
(0.0630001 0.0149996 -0.01)
(0.0630001 0.0149996 0)
(0.0635025 0.0134753 -0.01)
(0.0635025 0.0134753 0)
(0.0640014 0.0134754 -0.01)
(0.0640014 0.0134754 0)
(0.0635008 0.0139914 -0.01)
(0.0635008 0.0139914 0)
(0.0640004 0.0139914 -0.01)
(0.0640004 0.0139914 0)
(0.0645007 0.0134754 -0.01)
(0.0645007 0.0134754 0)
(0.0650003 0.0134755 -0.01)
(0.0650003 0.0134755 0)
(0.0645002 0.0139914 -0.01)
(0.0645002 0.0139914 0)
(0.0650001 0.0139914 -0.01)
(0.0650001 0.0139914 0)
(0.0635002 0.0144977 -0.01)
(0.0635002 0.0144977 0)
(0.0640001 0.0144977 -0.01)
(0.0640001 0.0144977 0)
(0.0635 0.0149995 -0.01)
(0.0635 0.0149995 0)
(0.064 0.0149995 -0.01)
(0.064 0.0149995 0)
(0.0645001 0.0144977 -0.01)
(0.0645001 0.0144977 0)
(0.065 0.0144977 -0.01)
(0.065 0.0144977 0)
(0.0645 0.0149995 -0.01)
(0.0645 0.0149995 0)
(0.065 0.0149995 -0.01)
(0.065 0.0149995 0)
(0.0655023 0.0114416 -0.01)
(0.0655023 0.0114416 0)
(0.0660008 0.0114417 -0.01)
(0.0660008 0.0114417 0)
(0.0655015 0.0119104 -0.01)
(0.0655015 0.0119104 0)
(0.0660005 0.0119105 -0.01)
(0.0660005 0.0119105 0)
(0.0665002 0.0114417 -0.01)
(0.0665002 0.0114417 0)
(0.067 0.0114417 -0.01)
(0.067 0.0114417 0)
(0.0665002 0.0119105 -0.01)
(0.0665002 0.0119105 0)
(0.067 0.0119105 -0.01)
(0.067 0.0119105 0)
(0.0655007 0.0124174 -0.01)
(0.0655007 0.0124174 0)
(0.0660003 0.0124175 -0.01)
(0.0660003 0.0124175 0)
(0.0615 0.0155 -0.01)
(0.0615 0.0155 0)
(0.062 0.0155 -0.01)
(0.062 0.0155 0)
(0.0614999 0.0160004 -0.01)
(0.0614999 0.0160004 0)
(0.0619999 0.0160003 -0.01)
(0.0619999 0.0160003 0)
(0.0625 0.0155 -0.01)
(0.0625 0.0155 0)
(0.063 0.0155 -0.01)
(0.063 0.0155 0)
(0.0624999 0.0160003 -0.01)
(0.0624999 0.0160003 0)
(0.0629999 0.0160002 -0.01)
(0.0629999 0.0160002 0)
(0.0614996 0.0165018 -0.01)
(0.0614996 0.0165018 0)
(0.0619996 0.0165016 -0.01)
(0.0619996 0.0165016 0)
(0.0614985 0.0170062 -0.01)
(0.0614985 0.0170062 0)
(0.0619983 0.017006 -0.01)
(0.0619983 0.017006 0)
(0.0624995 0.0165015 -0.01)
(0.0624995 0.0165015 0)
(0.0629996 0.0165013 -0.01)
(0.0629996 0.0165013 0)
(0.0624982 0.0170057 -0.01)
(0.0624982 0.0170057 0)
(0.0629983 0.0170049 -0.01)
(0.0629983 0.0170049 0)
(0.0635 0.0155 -0.01)
(0.0635 0.0155 0)
(0.064 0.0155 -0.01)
(0.064 0.0155 0)
(0.0634999 0.0160002 -0.01)
(0.0634999 0.0160002 0)
(0.064 0.0160001 -0.01)
(0.064 0.0160001 0)
(0.0645 0.0154999 -0.01)
(0.0645 0.0154999 0)
(0.065 0.0154999 -0.01)
(0.065 0.0154999 0)
(0.0645 0.0160001 -0.01)
(0.0645 0.0160001 0)
(0.065 0.016 -0.01)
(0.065 0.016 0)
(0.0634997 0.016501 -0.01)
(0.0634997 0.016501 0)
(0.0655003 0.0129474 -0.01)
(0.0655003 0.0129474 0)
(0.0660001 0.0129474 -0.01)
(0.0660001 0.0129474 0)
(0.0665001 0.0124175 -0.01)
(0.0665001 0.0124175 0)
(0.067 0.0124175 -0.01)
(0.067 0.0124175 0)
(0.0665 0.0129474 -0.01)
(0.0665 0.0129474 0)
(0.067 0.0129475 -0.01)
(0.067 0.0129475 0)
(0.0675 0.0114417 -0.01)
(0.0675 0.0114417 0)
(0.068 0.0114417 -0.01)
(0.068 0.0114417 0)
(0.0675 0.0119105 -0.01)
(0.0675 0.0119105 0)
(0.068 0.0119105 -0.01)
(0.068 0.0119105 0)
(0.0685 0.0114417 -0.01)
(0.0685 0.0114417 0)
(0.069 0.0114417 -0.01)
(0.069 0.0114417 0)
(0.0685 0.0119105 -0.01)
(0.0685 0.0119105 0)
(0.069 0.0119105 -0.01)
(0.069 0.0119105 0)
(0.0675 0.0124175 -0.01)
(0.0675 0.0124175 0)
(0.068 0.0124175 -0.01)
(0.068 0.0124175 0)
(0.0675 0.0129475 -0.01)
(0.0675 0.0129475 0)
(0.068 0.0129475 -0.01)
(0.068 0.0129475 0)
(0.0685 0.0124175 -0.01)
(0.0685 0.0124175 0)
(0.069 0.0124175 -0.01)
(0.069 0.0124175 0)
(0.0685 0.0129475 -0.01)
(0.0685 0.0129475 0)
(0.069 0.0129475 -0.01)
(0.069 0.0129475 0)
(0.0655001 0.0134755 -0.01)
(0.0655001 0.0134755 0)
(0.066 0.0134755 -0.01)
(0.066 0.0134755 0)
(0.0655 0.0139914 -0.01)
(0.0655 0.0139914 0)
(0.066 0.0139914 -0.01)
(0.066 0.0139914 0)
(0.0665 0.0134755 -0.01)
(0.0665 0.0134755 0)
(0.067 0.0134755 -0.01)
(0.067 0.0134755 0)
(0.0665 0.0139914 -0.01)
(0.0665 0.0139914 0)
(0.067 0.0139914 -0.01)
(0.067 0.0139914 0)
(0.0655 0.0144977 -0.01)
(0.0655 0.0144977 0)
(0.066 0.0144977 -0.01)
(0.066 0.0144977 0)
(0.0655 0.0149995 -0.01)
(0.0655 0.0149995 0)
(0.066 0.0149995 -0.01)
(0.066 0.0149995 0)
(0.0665 0.0144977 -0.01)
(0.0665 0.0144977 0)
(0.067 0.0144977 -0.01)
(0.067 0.0144977 0)
(0.0665 0.0149995 -0.01)
(0.0665 0.0149995 0)
(0.067 0.0149995 -0.01)
(0.067 0.0149995 0)
(0.0675 0.0134755 -0.01)
(0.0675 0.0134755 0)
(0.068 0.0134755 -0.01)
(0.068 0.0134755 0)
(0.0675 0.0139914 -0.01)
(0.0675 0.0139914 0)
(0.068 0.0139914 -0.01)
(0.068 0.0139914 0)
(0.0685 0.0134755 -0.01)
(0.0685 0.0134755 0)
(0.069 0.0134755 -0.01)
(0.069 0.0134755 0)
(0.0685 0.0139914 -0.01)
(0.0685 0.0139914 0)
(0.069 0.0139914 -0.01)
(0.069 0.0139914 0)
(0.0675 0.0144977 -0.01)
(0.0675 0.0144977 0)
(0.068 0.0144977 -0.01)
(0.068 0.0144977 0)
(0.0675 0.0149995 -0.01)
(0.0675 0.0149995 0)
(0.068 0.0149995 -0.01)
(0.068 0.0149995 0)
(0.0685 0.0144977 -0.01)
(0.0685 0.0144977 0)
(0.069 0.0144977 -0.01)
(0.069 0.0144977 0)
(0.0685 0.0149995 -0.01)
(0.0685 0.0149995 0)
(0.069 0.0149995 -0.01)
(0.069 0.0149995 0)
(0.0695 0.0114417 -0.01)
(0.0695 0.0114417 0)
(0.07 0.0114417 -0.01)
(0.07 0.0114417 0)
(0.0639998 0.0165007 -0.01)
(0.0639998 0.0165007 0)
(0.0634987 0.0170038 -0.01)
(0.0634987 0.0170038 0)
(0.0639992 0.0170028 -0.01)
(0.0639992 0.0170028 0)
(0.0644999 0.0165005 -0.01)
(0.0644999 0.0165005 0)
(0.065 0.0165004 -0.01)
(0.065 0.0165004 0)
(0.0644996 0.0170021 -0.01)
(0.0644996 0.0170021 0)
(0.0649998 0.0170018 -0.01)
(0.0649998 0.0170018 0)
(0.0614959 0.0175158 -0.01)
(0.0614959 0.0175158 0)
(0.061995 0.0175163 -0.01)
(0.061995 0.0175163 0)
(0.0624944 0.0175161 -0.01)
(0.0624944 0.0175161 0)
(0.0629948 0.0175143 -0.01)
(0.0629948 0.0175143 0)
(0.0634961 0.0175114 -0.01)
(0.0634961 0.0175114 0)
(0.0639977 0.0175086 -0.01)
(0.0639977 0.0175086 0)
(0.0644989 0.0175069 -0.01)
(0.0644989 0.0175069 0)
(0.0649995 0.0175063 -0.01)
(0.0649995 0.0175063 0)
(0.0655 0.0154999 -0.01)
(0.0655 0.0154999 0)
(0.066 0.0154999 -0.01)
(0.066 0.0154999 0)
(0.0655 0.016 -0.01)
(0.0655 0.016 0)
(0.066 0.016 -0.01)
(0.066 0.016 0)
(0.0665 0.0154999 -0.01)
(0.0665 0.0154999 0)
(0.067 0.0154999 -0.01)
(0.067 0.0154999 0)
(0.0665 0.016 -0.01)
(0.0665 0.016 0)
(0.067 0.016 -0.01)
(0.067 0.016 0)
(0.0655 0.0165004 -0.01)
(0.0655 0.0165004 0)
(0.066 0.0165004 -0.01)
(0.066 0.0165004 0)
(0.0654999 0.0170018 -0.01)
(0.0654999 0.0170018 0)
(0.0659999 0.0170019 -0.01)
(0.0659999 0.0170019 0)
(0.0665 0.0165004 -0.01)
(0.0665 0.0165004 0)
(0.067 0.0165004 -0.01)
(0.067 0.0165004 0)
(0.0664999 0.017002 -0.01)
(0.0664999 0.017002 0)
(0.0669999 0.017002 -0.01)
(0.0669999 0.017002 0)
(0.0675 0.0154999 -0.01)
(0.0675 0.0154999 0)
(0.068 0.0154999 -0.01)
(0.068 0.0154999 0)
(0.0675 0.0160001 -0.01)
(0.0675 0.0160001 0)
(0.068 0.0160001 -0.01)
(0.068 0.0160001 0)
(0.0685 0.0154999 -0.01)
(0.0685 0.0154999 0)
(0.069 0.0154999 -0.01)
(0.069 0.0154999 0)
(0.0685 0.0160001 -0.01)
(0.0685 0.0160001 0)
(0.069 0.0160001 -0.01)
(0.069 0.0160001 0)
(0.0675 0.0165004 -0.01)
(0.0675 0.0165004 0)
(0.068 0.0165004 -0.01)
(0.068 0.0165004 0)
(0.0675 0.0170021 -0.01)
(0.0675 0.0170021 0)
(0.068 0.0170021 -0.01)
(0.068 0.0170021 0)
(0.0685 0.0165004 -0.01)
(0.0685 0.0165004 0)
(0.069 0.0165004 -0.01)
(0.069 0.0165004 0)
(0.0685 0.0170021 -0.01)
(0.0685 0.0170021 0)
(0.069 0.0170021 -0.01)
(0.069 0.0170021 0)
(0.0654997 0.0175066 -0.01)
(0.0654997 0.0175066 0)
(0.0659997 0.017507 -0.01)
(0.0659997 0.017507 0)
(0.0664997 0.0175074 -0.01)
(0.0664997 0.0175074 0)
(0.0669998 0.0175076 -0.01)
(0.0669998 0.0175076 0)
(0.0674998 0.0175077 -0.01)
(0.0674998 0.0175077 0)
(0.0679999 0.0175077 -0.01)
(0.0679999 0.0175077 0)
(0.0684999 0.0175077 -0.01)
(0.0684999 0.0175077 0)
(0.069 0.0175077 -0.01)
(0.069 0.0175077 0)
(0.0695 0.0119105 -0.01)
(0.0695 0.0119105 0)
(0.07 0.0119105 -0.01)
(0.07 0.0119105 0)
(0.0705 0.0114417 -0.01)
(0.0705 0.0114417 0)
(0.071 0.0114417 -0.01)
(0.071 0.0114417 0)
(0.0705 0.0119105 -0.01)
(0.0705 0.0119105 0)
(0.071 0.0119105 -0.01)
(0.071 0.0119105 0)
(0.0695 0.0124175 -0.01)
(0.0695 0.0124175 0)
(0.07 0.0124175 -0.01)
(0.07 0.0124175 0)
(0.0695 0.0129475 -0.01)
(0.0695 0.0129475 0)
(0.07 0.0129475 -0.01)
(0.07 0.0129475 0)
(0.0705 0.0124175 -0.01)
(0.0705 0.0124175 0)
(0.071 0.0124175 -0.01)
(0.071 0.0124175 0)
(0.0705 0.0129475 -0.01)
(0.0705 0.0129475 0)
(0.071 0.0129475 -0.01)
(0.071 0.0129475 0)
(0.0715 0.0114417 -0.01)
(0.0715 0.0114417 0)
(0.072 0.0114417 -0.01)
(0.072 0.0114417 0)
(0.0715 0.0119105 -0.01)
(0.0715 0.0119105 0)
(0.072 0.0119105 -0.01)
(0.072 0.0119105 0)
(0.0725 0.0114417 -0.01)
(0.0725 0.0114417 0)
(0.073 0.0114417 -0.01)
(0.073 0.0114417 0)
(0.0725 0.0119105 -0.01)
(0.0725 0.0119105 0)
(0.073 0.0119105 -0.01)
(0.073 0.0119105 0)
(0.0715 0.0124175 -0.01)
(0.0715 0.0124175 0)
(0.072 0.0124175 -0.01)
(0.072 0.0124175 0)
(0.0715 0.0129475 -0.01)
(0.0715 0.0129475 0)
(0.072 0.0129475 -0.01)
(0.072 0.0129475 0)
(0.0725 0.0124175 -0.01)
(0.0725 0.0124175 0)
(0.073 0.0124175 -0.01)
(0.073 0.0124175 0)
(0.0725 0.0129475 -0.01)
(0.0725 0.0129475 0)
(0.073 0.0129475 -0.01)
(0.073 0.0129475 0)
(0.0695 0.0134755 -0.01)
(0.0695 0.0134755 0)
(0.07 0.0134755 -0.01)
(0.07 0.0134755 0)
(0.0695 0.0139914 -0.01)
(0.0695 0.0139914 0)
(0.07 0.0139914 -0.01)
(0.07 0.0139914 0)
(0.0705 0.0134755 -0.01)
(0.0705 0.0134755 0)
(0.071 0.0134755 -0.01)
(0.071 0.0134755 0)
(0.0705 0.0139914 -0.01)
(0.0705 0.0139914 0)
(0.071 0.0139914 -0.01)
(0.071 0.0139914 0)
(0.0695 0.0144977 -0.01)
(0.0695 0.0144977 0)
(0.07 0.0144977 -0.01)
(0.07 0.0144977 0)
(0.0695 0.0149995 -0.01)
(0.0695 0.0149995 0)
(0.07 0.0149995 -0.01)
(0.07 0.0149995 0)
(0.0705 0.0144977 -0.01)
(0.0705 0.0144977 0)
(0.071 0.0144977 -0.01)
(0.071 0.0144977 0)
(0.0705 0.0149995 -0.01)
(0.0705 0.0149995 0)
(0.071 0.0149995 -0.01)
(0.071 0.0149995 0)
(0.0715 0.0134755 -0.01)
(0.0715 0.0134755 0)
(0.072 0.0134755 -0.01)
(0.072 0.0134755 0)
(0.0715 0.0139914 -0.01)
(0.0715 0.0139914 0)
(0.072 0.0139914 -0.01)
(0.072 0.0139914 0)
(0.0725 0.0134755 -0.01)
(0.0725 0.0134755 0)
(0.073 0.0134755 -0.01)
(0.073 0.0134755 0)
(0.0725 0.0139914 -0.01)
(0.0725 0.0139914 0)
(0.073 0.0139914 -0.01)
(0.073 0.0139914 0)
(0.0715 0.0144977 -0.01)
(0.0715 0.0144977 0)
(0.072 0.0144977 -0.01)
(0.072 0.0144977 0)
(0.0715 0.0149995 -0.01)
(0.0715 0.0149995 0)
(0.072 0.0149995 -0.01)
(0.072 0.0149995 0)
(0.0725 0.0144977 -0.01)
(0.0725 0.0144977 0)
(0.073 0.0144977 -0.01)
(0.073 0.0144977 0)
(0.0725 0.0149995 -0.01)
(0.0725 0.0149995 0)
(0.073 0.0149995 -0.01)
(0.073 0.0149995 0)
(0.0735 0.0114417 -0.01)
(0.0735 0.0114417 0)
(0.074 0.0114417 -0.01)
(0.074 0.0114417 0)
(0.0735 0.0119105 -0.01)
(0.0735 0.0119105 0)
(0.074 0.0119105 -0.01)
(0.074 0.0119105 0)
(0.0745 0.0114417 -0.01)
(0.0745 0.0114417 0)
(0.075 0.0114417 -0.01)
(0.075 0.0114417 0)
(0.0745 0.0119105 -0.01)
(0.0745 0.0119105 0)
(0.075 0.0119105 -0.01)
(0.075 0.0119105 0)
(0.0735 0.0124175 -0.01)
(0.0735 0.0124175 0)
(0.074 0.0124175 -0.01)
(0.074 0.0124175 0)
(0.0735 0.0129475 -0.01)
(0.0735 0.0129475 0)
(0.074 0.0129475 -0.01)
(0.074 0.0129475 0)
(0.0745 0.0124175 -0.01)
(0.0745 0.0124175 0)
(0.075 0.0124175 -0.01)
(0.075 0.0124175 0)
(0.0745 0.0129475 -0.01)
(0.0745 0.0129475 0)
(0.075 0.0129475 -0.01)
(0.075 0.0129475 0)
(0.0755 0.0114417 -0.01)
(0.0755 0.0114417 0)
(0.076 0.0114417 -0.01)
(0.076 0.0114417 0)
(0.0755 0.0119105 -0.01)
(0.0755 0.0119105 0)
(0.076 0.0119105 -0.01)
(0.076 0.0119105 0)
(0.0765 0.0114417 -0.01)
(0.0765 0.0114417 0)
(0.077 0.0114417 -0.01)
(0.077 0.0114417 0)
(0.0765 0.0119105 -0.01)
(0.0765 0.0119105 0)
(0.077 0.0119105 -0.01)
(0.077 0.0119105 0)
(0.0755 0.0124175 -0.01)
(0.0755 0.0124175 0)
(0.076 0.0124175 -0.01)
(0.076 0.0124175 0)
(0.0755 0.0129475 -0.01)
(0.0755 0.0129475 0)
(0.076 0.0129475 -0.01)
(0.076 0.0129475 0)
(0.0765 0.0124175 -0.01)
(0.0765 0.0124175 0)
(0.077 0.0124175 -0.01)
(0.077 0.0124175 0)
(0.0765 0.0129475 -0.01)
(0.0765 0.0129475 0)
(0.077 0.0129475 -0.01)
(0.077 0.0129475 0)
(0.0735 0.0134755 -0.01)
(0.0735 0.0134755 0)
(0.074 0.0134755 -0.01)
(0.074 0.0134755 0)
(0.0735 0.0139914 -0.01)
(0.0735 0.0139914 0)
(0.074 0.0139914 -0.01)
(0.074 0.0139914 0)
(0.0745 0.0134755 -0.01)
(0.0745 0.0134755 0)
(0.075 0.0134755 -0.01)
(0.075 0.0134755 0)
(0.0695 0.0154999 -0.01)
(0.0695 0.0154999 0)
(0.07 0.0154999 -0.01)
(0.07 0.0154999 0)
(0.0356051 0.00400246 -0.01)
(0.0356051 0.00400246 0)
(0.0360574 0.00407799 -0.01)
(0.0360574 0.00407799 0)
(0.0364746 0.00413085 -0.01)
(0.0364746 0.00413085 0)
(0.0367827 0.00413818 -0.01)
(0.0367827 0.00413818 0)
(0.035562 0.00444716 -0.01)
(0.035562 0.00444716 0)
(0.0360454 0.00448307 -0.01)
(0.0360454 0.00448307 0)
(0.0355382 0.00493868 -0.01)
(0.0355382 0.00493868 0)
(0.0360357 0.00494521 -0.01)
(0.0360357 0.00494521 0)
(0.0365164 0.00449903 -0.01)
(0.0365164 0.00449903 0)
(0.0370205 0.00441661 -0.01)
(0.0370205 0.00441661 0)
(0.0365326 0.00494152 -0.01)
(0.0365326 0.00494152 0)
(0.0370415 0.00492984 -0.01)
(0.0370415 0.00492984 0)
(0.0745 0.0139914 -0.01)
(0.0745 0.0139914 0)
(0.075 0.0139914 -0.01)
(0.075 0.0139914 0)
(0.0735 0.0144977 -0.01)
(0.0735 0.0144977 0)
(0.074 0.0144977 -0.01)
(0.074 0.0144977 0)
(0.0735 0.0149995 -0.01)
(0.0735 0.0149995 0)
(0.074 0.0149995 -0.01)
(0.074 0.0149995 0)
(0.0745 0.0144977 -0.01)
(0.0745 0.0144977 0)
(0.075 0.0144977 -0.01)
(0.075 0.0144977 0)
(0.0745 0.0149995 -0.01)
(0.0745 0.0149995 0)
(0.075 0.0149995 -0.01)
(0.075 0.0149995 0)
(0.0755 0.0134755 -0.01)
(0.0755 0.0134755 0)
(0.076 0.0134755 -0.01)
(0.076 0.0134755 0)
(0.0755 0.0139914 -0.01)
(0.0755 0.0139914 0)
(0.076 0.0139914 -0.01)
(0.076 0.0139914 0)
(0.0765 0.0134755 -0.01)
(0.0765 0.0134755 0)
(0.077 0.0134755 -0.01)
(0.077 0.0134755 0)
(0.0765 0.0139914 -0.01)
(0.0765 0.0139914 0)
(0.077 0.0139914 -0.01)
(0.077 0.0139914 0)
(0.0755 0.0144977 -0.01)
(0.0755 0.0144977 0)
(0.076 0.0144977 -0.01)
(0.076 0.0144977 0)
(0.0755 0.0149995 -0.01)
(0.0755 0.0149995 0)
(0.076 0.0149995 -0.01)
(0.076 0.0149995 0)
(0.0765 0.0144977 -0.01)
(0.0765 0.0144977 0)
(0.077 0.0144977 -0.01)
(0.077 0.0144977 0)
(0.0765 0.0149995 -0.01)
(0.0765 0.0149995 0)
(0.077 0.0149995 -0.01)
(0.077 0.0149995 0)
(0.0775 0.0114417 -0.01)
(0.0775 0.0114417 0)
(0.078 0.0114417 -0.01)
(0.078 0.0114417 0)
(0.0775 0.0119105 -0.01)
(0.0775 0.0119105 0)
(0.078 0.0119105 -0.01)
(0.078 0.0119105 0)
(0.0785 0.0114417 -0.01)
(0.0785 0.0114417 0)
(0.079 0.0114417 -0.01)
(0.079 0.0114417 0)
(0.0785 0.0119105 -0.01)
(0.0785 0.0119105 0)
(0.079 0.0119105 -0.01)
(0.079 0.0119105 0)
(0.0775 0.0124175 -0.01)
(0.0775 0.0124175 0)
(0.078 0.0124175 -0.01)
(0.078 0.0124175 0)
(0.0775 0.0129475 -0.01)
(0.0775 0.0129475 0)
(0.078 0.0129475 -0.01)
(0.078 0.0129475 0)
(0.0785 0.0124175 -0.01)
(0.0785 0.0124175 0)
(0.079 0.0124175 -0.01)
(0.079 0.0124175 0)
(0.0695 0.0160001 -0.01)
(0.0695 0.0160001 0)
(0.07 0.0160001 -0.01)
(0.07 0.0160001 0)
(0.0705 0.0154999 -0.01)
(0.0705 0.0154999 0)
(0.071 0.0154999 -0.01)
(0.071 0.0154999 0)
(0.0705 0.0160001 -0.01)
(0.0705 0.0160001 0)
(0.071 0.0160001 -0.01)
(0.071 0.0160001 0)
(0.0695 0.0165004 -0.01)
(0.0695 0.0165004 0)
(0.07 0.0165004 -0.01)
(0.07 0.0165004 0)
(0.0695 0.0170021 -0.01)
(0.0695 0.0170021 0)
(0.07 0.0170021 -0.01)
(0.07 0.0170021 0)
(0.0705 0.0165004 -0.01)
(0.0705 0.0165004 0)
(0.071 0.0165004 -0.01)
(0.071 0.0165004 0)
(0.0705 0.0170021 -0.01)
(0.0705 0.0170021 0)
(0.071 0.0170021 -0.01)
(0.071 0.0170021 0)
(0.0715 0.0154999 -0.01)
(0.0715 0.0154999 0)
(0.072 0.0154999 -0.01)
(0.072 0.0154999 0)
(0.0715 0.0160001 -0.01)
(0.0715 0.0160001 0)
(0.072 0.0160001 -0.01)
(0.072 0.0160001 0)
(0.0725 0.0154999 -0.01)
(0.0725 0.0154999 0)
(0.073 0.0154999 -0.01)
(0.073 0.0154999 0)
(0.0725 0.0160001 -0.01)
(0.0725 0.0160001 0)
(0.073 0.0160001 -0.01)
(0.073 0.0160001 0)
(0.0715 0.0165004 -0.01)
(0.0715 0.0165004 0)
(0.072 0.0165004 -0.01)
(0.072 0.0165004 0)
(0.0715 0.0170021 -0.01)
(0.0715 0.0170021 0)
(0.072 0.0170021 -0.01)
(0.072 0.0170021 0)
(0.0725 0.0165004 -0.01)
(0.0725 0.0165004 0)
(0.073 0.0165004 -0.01)
(0.073 0.0165004 0)
(0.0725 0.0170021 -0.01)
(0.0725 0.0170021 0)
(0.073 0.0170021 -0.01)
(0.073 0.0170021 0)
(0.0695 0.0175077 -0.01)
(0.0695 0.0175077 0)
(0.07 0.0175078 -0.01)
(0.07 0.0175078 0)
(0.0705 0.0175078 -0.01)
(0.0705 0.0175078 0)
(0.071 0.0175078 -0.01)
(0.071 0.0175078 0)
(0.0715 0.0175078 -0.01)
(0.0715 0.0175078 0)
(0.072 0.0175078 -0.01)
(0.072 0.0175078 0)
(0.0725 0.0175078 -0.01)
(0.0725 0.0175078 0)
(0.073 0.0175078 -0.01)
(0.073 0.0175078 0)
(0.0735 0.0154999 -0.01)
(0.0735 0.0154999 0)
(0.074 0.0154999 -0.01)
(0.074 0.0154999 0)
(0.0735 0.0160001 -0.01)
(0.0735 0.0160001 0)
(0.074 0.0160001 -0.01)
(0.074 0.0160001 0)
(0.0745 0.0154999 -0.01)
(0.0745 0.0154999 0)
(0.075 0.0154999 -0.01)
(0.075 0.0154999 0)
(0.0745 0.0160001 -0.01)
(0.0745 0.0160001 0)
(0.075 0.0160001 -0.01)
(0.075 0.0160001 0)
(0.0735 0.0165004 -0.01)
(0.0735 0.0165004 0)
(0.074 0.0165004 -0.01)
(0.074 0.0165004 0)
(0.0735 0.0170021 -0.01)
(0.0735 0.0170021 0)
(0.074 0.0170021 -0.01)
(0.074 0.0170021 0)
(0.0745 0.0165004 -0.01)
(0.0745 0.0165004 0)
(0.075 0.0165004 -0.01)
(0.075 0.0165004 0)
(0.0745 0.0170021 -0.01)
(0.0745 0.0170021 0)
(0.075 0.0170021 -0.01)
(0.075 0.0170021 0)
(0.0755 0.0154999 -0.01)
(0.0755 0.0154999 0)
(0.076 0.0154999 -0.01)
(0.076 0.0154999 0)
(0.0755 0.0160001 -0.01)
(0.0755 0.0160001 0)
(0.076 0.0160001 -0.01)
(0.076 0.0160001 0)
(0.0765 0.0154999 -0.01)
(0.0765 0.0154999 0)
(0.077 0.0154999 -0.01)
(0.077 0.0154999 0)
(0.0765 0.0160001 -0.01)
(0.0765 0.0160001 0)
(0.077 0.0160001 -0.01)
(0.077 0.0160001 0)
(0.0755 0.0165004 -0.01)
(0.0755 0.0165004 0)
(0.076 0.0165004 -0.01)
(0.076 0.0165004 0)
(0.0755 0.0170021 -0.01)
(0.0755 0.0170021 0)
(0.076 0.0170021 -0.01)
(0.076 0.0170021 0)
(0.0765 0.0165004 -0.01)
(0.0765 0.0165004 0)
(0.077 0.0165004 -0.01)
(0.077 0.0165004 0)
(0.0765 0.0170021 -0.01)
(0.0765 0.0170021 0)
(0.077 0.0170021 -0.01)
(0.077 0.0170021 0)
(0.0735 0.0175078 -0.01)
(0.0735 0.0175078 0)
(0.074 0.0175077 -0.01)
(0.074 0.0175077 0)
(0.0745 0.0175077 -0.01)
(0.0745 0.0175077 0)
(0.075 0.0175077 -0.01)
(0.075 0.0175077 0)
(0.0355211 0.00545688 -0.01)
(0.0355211 0.00545688 0)
(0.0360234 0.00545256 -0.01)
(0.0360234 0.00545256 0)
(0.0355096 0.00597851 -0.01)
(0.0355096 0.00597851 0)
(0.036012 0.00597362 -0.01)
(0.036012 0.00597362 0)
(0.0365275 0.00544487 -0.01)
(0.0365275 0.00544487 0)
(0.0370349 0.00543593 -0.01)
(0.0370349 0.00543593 0)
(0.0365158 0.0059667 -0.01)
(0.0365158 0.0059667 0)
(0.037021 0.00595804 -0.01)
(0.037021 0.00595804 0)
(0.0360048 0.0064892 -0.01)
(0.0360048 0.0064892 0)
(0.0360015 0.0069966 -0.01)
(0.0360015 0.0069966 0)
(0.0365069 0.00648524 -0.01)
(0.0365069 0.00648524 0)
(0.0370097 0.00647983 -0.01)
(0.0370097 0.00647983 0)
(0.0365023 0.00699496 -0.01)
(0.0365023 0.00699496 0)
(0.0370035 0.00699258 -0.01)
(0.0370035 0.00699258 0)
(0.0375785 0.00452789 -0.01)
(0.0375785 0.00452789 0)
(0.038014 0.00457849 -0.01)
(0.038014 0.00457849 0)
(0.0375563 0.00495074 -0.01)
(0.0375563 0.00495074 0)
(0.0380451 0.0049614 -0.01)
(0.0380451 0.0049614 0)
(0.0383289 0.00458497 -0.01)
(0.0383289 0.00458497 0)
(0.0385611 0.00487201 -0.01)
(0.0385611 0.00487201 0)
(0.0391082 0.00499024 -0.01)
(0.0391082 0.00499024 0)
(0.0395608 0.00506531 -0.01)
(0.0395608 0.00506531 0)
(0.039978 0.00511777 -0.01)
(0.039978 0.00511777 0)
(0.0402864 0.00512494 -0.01)
(0.0402864 0.00512494 0)
(0.0375431 0.00543101 -0.01)
(0.0375431 0.00543101 0)
(0.0380476 0.00542158 -0.01)
(0.0380476 0.00542158 0)
(0.0375269 0.00594844 -0.01)
(0.0375269 0.00594844 0)
(0.0380324 0.00593807 -0.01)
(0.0380324 0.00593807 0)
(0.0385565 0.00541008 -0.01)
(0.0385565 0.00541008 0)
(0.0390642 0.00543819 -0.01)
(0.0390642 0.00543819 0)
(0.0385371 0.00593087 -0.01)
(0.0385371 0.00593087 0)
(0.0390396 0.00593333 -0.01)
(0.0390396 0.00593333 0)
(0.037513 0.00647315 -0.01)
(0.037513 0.00647315 0)
(0.0380164 0.00646576 -0.01)
(0.0380164 0.00646576 0)
(0.037505 0.00698942 -0.01)
(0.037505 0.00698942 0)
(0.0380066 0.00698567 -0.01)
(0.0380066 0.00698567 0)
(0.0385193 0.00645917 -0.01)
(0.0385193 0.00645917 0)
(0.0390217 0.00645442 -0.01)
(0.0390217 0.00645442 0)
(0.0385081 0.00698173 -0.01)
(0.0385081 0.00698173 0)
(0.0390099 0.00697761 -0.01)
(0.0390099 0.00697761 0)
(0.0395481 0.00547308 -0.01)
(0.0395481 0.00547308 0)
(0.0400195 0.00548828 -0.01)
(0.0400195 0.00548828 0)
(0.0395374 0.00593883 -0.01)
(0.0395374 0.00593883 0)
(0.0400348 0.00593439 -0.01)
(0.0400348 0.00593439 0)
(0.0405242 0.00540458 -0.01)
(0.0405242 0.00540458 0)
(0.0410814 0.00551589 -0.01)
(0.0410814 0.00551589 0)
(0.0405438 0.00592208 -0.01)
(0.0405438 0.00592208 0)
(0.0410586 0.00594207 -0.01)
(0.0410586 0.00594207 0)
(0.0395243 0.00644944 -0.01)
(0.0395243 0.00644944 0)
(0.0400286 0.00644116 -0.01)
(0.0400286 0.00644116 0)
(0.0395124 0.00697242 -0.01)
(0.0395124 0.00697242 0)
(0.0400163 0.00696516 -0.01)
(0.0400163 0.00696516 0)
(0.0405361 0.00643158 -0.01)
(0.0405361 0.00643158 0)
(0.0410446 0.00642583 -0.01)
(0.0410446 0.00642583 0)
(0.0405216 0.00695608 -0.01)
(0.0405216 0.00695608 0)
(0.0410276 0.00694597 -0.01)
(0.0410276 0.00694597 0)
(0.0415173 0.00556605 -0.01)
(0.0415173 0.00556605 0)
(0.0418328 0.00557231 -0.01)
(0.0418328 0.00557231 0)
(0.0415481 0.00595173 -0.01)
(0.0415481 0.00595173 0)
(0.0420653 0.00586074 -0.01)
(0.0420653 0.00586074 0)
(0.0426128 0.00597947 -0.01)
(0.0426128 0.00597947 0)
(0.0430673 0.00605523 -0.01)
(0.0430673 0.00605523 0)
(0.0785 0.0129475 -0.01)
(0.0785 0.0129475 0)
(0.079 0.0129475 -0.01)
(0.079 0.0129475 0)
(0.0795 0.0114417 -0.01)
(0.0795 0.0114417 0)
(0.08 0.0114417 -0.01)
(0.08 0.0114417 0)
(0.0795 0.0119105 -0.01)
(0.0795 0.0119105 0)
(0.08 0.0119105 -0.01)
(0.08 0.0119105 0)
(0.0805 0.0114417 -0.01)
(0.0805 0.0114417 0)
(0.081 0.0114417 -0.01)
(0.081 0.0114417 0)
(0.0805 0.0119105 -0.01)
(0.0805 0.0119105 0)
(0.081 0.0119105 -0.01)
(0.081 0.0119105 0)
(0.0795 0.0124175 -0.01)
(0.0795 0.0124175 0)
(0.08 0.0124175 -0.01)
(0.08 0.0124175 0)
(0.0795 0.0129475 -0.01)
(0.0795 0.0129475 0)
(0.08 0.0129475 -0.01)
(0.08 0.0129475 0)
(0.0805 0.0124175 -0.01)
(0.0805 0.0124175 0)
(0.081 0.0124175 -0.01)
(0.081 0.0124175 0)
(0.0805 0.0129475 -0.01)
(0.0805 0.0129475 0)
(0.081 0.0129475 -0.01)
(0.081 0.0129475 0)
(0.0775 0.0134755 -0.01)
(0.0775 0.0134755 0)
(0.078 0.0134755 -0.01)
(0.078 0.0134755 0)
(0.0775 0.0139914 -0.01)
(0.0775 0.0139914 0)
(0.078 0.0139914 -0.01)
(0.078 0.0139914 0)
(0.0785 0.0134755 -0.01)
(0.0785 0.0134755 0)
(0.079 0.0134755 -0.01)
(0.079 0.0134755 0)
(0.0785 0.0139914 -0.01)
(0.0785 0.0139914 0)
(0.079 0.0139914 -0.01)
(0.079 0.0139914 0)
(0.0775 0.0144977 -0.01)
(0.0775 0.0144977 0)
(0.078 0.0144977 -0.01)
(0.078 0.0144977 0)
(0.0775 0.0149995 -0.01)
(0.0775 0.0149995 0)
(0.078 0.0149995 -0.01)
(0.078 0.0149995 0)
(0.0785 0.0144977 -0.01)
(0.0785 0.0144977 0)
(0.079 0.0144977 -0.01)
(0.079 0.0144977 0)
(0.0785 0.0149995 -0.01)
(0.0785 0.0149995 0)
(0.079 0.0149995 -0.01)
(0.079 0.0149995 0)
(0.0795 0.0134755 -0.01)
(0.0795 0.0134755 0)
(0.08 0.0134755 -0.01)
(0.08 0.0134755 0)
(0.0795 0.0139914 -0.01)
(0.0795 0.0139914 0)
(0.08 0.0139914 -0.01)
(0.08 0.0139914 0)
(0.0805 0.0134755 -0.01)
(0.0805 0.0134755 0)
(0.081 0.0134755 -0.01)
(0.081 0.0134755 0)
(0.0805 0.0139914 -0.01)
(0.0805 0.0139914 0)
(0.081 0.0139914 -0.01)
(0.081 0.0139914 0)
(0.0795 0.0144977 -0.01)
(0.0795 0.0144977 0)
(0.08 0.0144977 -0.01)
(0.08 0.0144977 0)
(0.0795 0.0149995 -0.01)
(0.0795 0.0149995 0)
(0.08 0.0149995 -0.01)
(0.08 0.0149995 0)
(0.0805 0.0144977 -0.01)
(0.0805 0.0144977 0)
(0.081 0.0144977 -0.01)
(0.081 0.0144977 0)
(0.0805 0.0149995 -0.01)
(0.0805 0.0149995 0)
(0.081 0.0149995 -0.01)
(0.081 0.0149995 0)
(0.0815 0.0114417 -0.01)
(0.0815 0.0114417 0)
(0.082 0.0114417 -0.01)
(0.082 0.0114417 0)
(0.0815 0.0119105 -0.01)
(0.0815 0.0119105 0)
(0.082 0.0119105 -0.01)
(0.082 0.0119105 0)
(0.0825 0.0114417 -0.01)
(0.0825 0.0114417 0)
(0.083 0.0114417 -0.01)
(0.083 0.0114417 0)
(0.0825 0.0119105 -0.01)
(0.0825 0.0119105 0)
(0.083 0.0119105 -0.01)
(0.083 0.0119105 0)
(0.0815 0.0124175 -0.01)
(0.0815 0.0124175 0)
(0.082 0.0124175 -0.01)
(0.082 0.0124175 0)
(0.0815 0.0129475 -0.01)
(0.0815 0.0129475 0)
(0.082 0.0129475 -0.01)
(0.082 0.0129475 0)
(0.0825 0.0124175 -0.01)
(0.0825 0.0124175 0)
(0.083 0.0124175 -0.01)
(0.083 0.0124175 0)
(0.0825 0.0129475 -0.01)
(0.0825 0.0129475 0)
(0.083 0.0129475 -0.01)
(0.083 0.0129475 0)
(0.0835 0.0114417 -0.01)
(0.0835 0.0114417 0)
(0.0840001 0.0114417 -0.01)
(0.0840001 0.0114417 0)
(0.0835 0.0119105 -0.01)
(0.0835 0.0119105 0)
(0.0840001 0.0119106 -0.01)
(0.0840001 0.0119106 0)
(0.0845005 0.0114417 -0.01)
(0.0845005 0.0114417 0)
(0.0850015 0.0114418 -0.01)
(0.0850015 0.0114418 0)
(0.0845003 0.0119106 -0.01)
(0.0845003 0.0119106 0)
(0.085001 0.0119106 -0.01)
(0.085001 0.0119106 0)
(0.0835 0.0124175 -0.01)
(0.0835 0.0124175 0)
(0.084 0.0124175 -0.01)
(0.084 0.0124175 0)
(0.0835 0.0129475 -0.01)
(0.0835 0.0129475 0)
(0.084 0.0129475 -0.01)
(0.084 0.0129475 0)
(0.0845001 0.0124175 -0.01)
(0.0845001 0.0124175 0)
(0.0850005 0.0124176 -0.01)
(0.0850005 0.0124176 0)
(0.0845 0.0129475 -0.01)
(0.0845 0.0129475 0)
(0.0850002 0.0129475 -0.01)
(0.0850002 0.0129475 0)
(0.0815 0.0134755 -0.01)
(0.0815 0.0134755 0)
(0.082 0.0134755 -0.01)
(0.082 0.0134755 0)
(0.0815 0.0139914 -0.01)
(0.0815 0.0139914 0)
(0.082 0.0139914 -0.01)
(0.082 0.0139914 0)
(0.0825 0.0134755 -0.01)
(0.0825 0.0134755 0)
(0.083 0.0134755 -0.01)
(0.083 0.0134755 0)
(0.0825 0.0139914 -0.01)
(0.0825 0.0139914 0)
(0.083 0.0139914 -0.01)
(0.083 0.0139914 0)
(0.0815 0.0144977 -0.01)
(0.0815 0.0144977 0)
(0.082 0.0144977 -0.01)
(0.082 0.0144977 0)
(0.0815 0.0149995 -0.01)
(0.0815 0.0149995 0)
(0.082 0.0149995 -0.01)
(0.082 0.0149995 0)
(0.0825 0.0144977 -0.01)
(0.0825 0.0144977 0)
(0.083 0.0144977 -0.01)
(0.083 0.0144977 0)
(0.0825 0.0149995 -0.01)
(0.0825 0.0149995 0)
(0.083 0.0149995 -0.01)
(0.083 0.0149995 0)
(0.0835 0.0134755 -0.01)
(0.0835 0.0134755 0)
(0.084 0.0134755 -0.01)
(0.084 0.0134755 0)
(0.0755 0.0175077 -0.01)
(0.0755 0.0175077 0)
(0.076 0.0175077 -0.01)
(0.076 0.0175077 0)
(0.0765 0.0175077 -0.01)
(0.0765 0.0175077 0)
(0.077 0.0175077 -0.01)
(0.077 0.0175077 0)
(0.0415495 0.00641555 -0.01)
(0.0415495 0.00641555 0)
(0.0420589 0.00640337 -0.01)
(0.0420589 0.00640337 0)
(0.0415333 0.00693507 -0.01)
(0.0415333 0.00693507 0)
(0.0420383 0.00692741 -0.01)
(0.0420383 0.00692741 0)
(0.0425672 0.00643114 -0.01)
(0.0425672 0.00643114 0)
(0.0430524 0.00646659 -0.01)
(0.0430524 0.00646659 0)
(0.0425411 0.00692973 -0.01)
(0.0425411 0.00692973 0)
(0.0430394 0.00693602 -0.01)
(0.0430394 0.00693602 0)
(0.0434878 0.00610882 -0.01)
(0.0434878 0.00610882 0)
(0.0437987 0.00611714 -0.01)
(0.0437987 0.00611714 0)
(0.043526 0.00648361 -0.01)
(0.043526 0.00648361 0)
(0.044036 0.00640316 -0.01)
(0.044036 0.00640316 0)
(0.0435367 0.00693448 -0.01)
(0.0435367 0.00693448 0)
(0.0440442 0.0069292 -0.01)
(0.0440442 0.0069292 0)
(0.0445928 0.00652479 -0.01)
(0.0445928 0.00652479 0)
(0.0450482 0.00660169 -0.01)
(0.0450482 0.00660169 0)
(0.0445544 0.00696263 -0.01)
(0.0445544 0.00696263 0)
(0.0450388 0.00700092 -0.01)
(0.0450388 0.00700092 0)
(0.0835 0.0139914 -0.01)
(0.0835 0.0139914 0)
(0.084 0.0139914 -0.01)
(0.084 0.0139914 0)
(0.0845 0.0134755 -0.01)
(0.0845 0.0134755 0)
(0.0850001 0.0134755 -0.01)
(0.0850001 0.0134755 0)
(0.0845 0.0139914 -0.01)
(0.0845 0.0139914 0)
(0.085 0.0139914 -0.01)
(0.085 0.0139914 0)
(0.0835 0.0144977 -0.01)
(0.0835 0.0144977 0)
(0.084 0.0144977 -0.01)
(0.084 0.0144977 0)
(0.0835 0.0149995 -0.01)
(0.0835 0.0149995 0)
(0.084 0.0149995 -0.01)
(0.084 0.0149995 0)
(0.0845 0.0144977 -0.01)
(0.0845 0.0144977 0)
(0.085 0.0144977 -0.01)
(0.085 0.0144977 0)
(0.0845 0.0149995 -0.01)
(0.0845 0.0149995 0)
(0.085 0.0149995 -0.01)
(0.085 0.0149995 0)
(0.0855045 0.0114418 -0.01)
(0.0855045 0.0114418 0)
(0.0860104 0.011442 -0.01)
(0.0860104 0.011442 0)
(0.0855028 0.0119107 -0.01)
(0.0855028 0.0119107 0)
(0.0860069 0.0119109 -0.01)
(0.0860069 0.0119109 0)
(0.0865229 0.0114421 -0.01)
(0.0865229 0.0114421 0)
(0.0870405 0.0114418 -0.01)
(0.0870405 0.0114418 0)
(0.0865154 0.0119108 -0.01)
(0.0865154 0.0119108 0)
(0.0870312 0.01191 -0.01)
(0.0870312 0.01191 0)
(0.0855014 0.0124176 -0.01)
(0.0855014 0.0124176 0)
(0.0860039 0.0124176 -0.01)
(0.0860039 0.0124176 0)
(0.0855007 0.0129475 -0.01)
(0.0855007 0.0129475 0)
(0.0860021 0.0129473 -0.01)
(0.0860021 0.0129473 0)
(0.0865098 0.0124171 -0.01)
(0.0865098 0.0124171 0)
(0.0870227 0.0124154 -0.01)
(0.0870227 0.0124154 0)
(0.0865061 0.0129466 -0.01)
(0.0865061 0.0129466 0)
(0.0870163 0.0129445 -0.01)
(0.0870163 0.0129445 0)
(0.0875702 0.0114405 -0.01)
(0.0875702 0.0114405 0)
(0.0880955 0.0114369 -0.01)
(0.0880955 0.0114369 0)
(0.0875575 0.011907 -0.01)
(0.0875575 0.011907 0)
(0.0880906 0.0119001 -0.01)
(0.0880906 0.0119001 0)
(0.0886196 0.0114313 -0.01)
(0.0886196 0.0114313 0)
(0.0891063 0.0114289 -0.01)
(0.0891063 0.0114289 0)
(0.0886178 0.0118903 -0.01)
(0.0886178 0.0118903 0)
(0.089114 0.0118853 -0.01)
(0.089114 0.0118853 0)
(0.0875466 0.0124107 -0.01)
(0.0875466 0.0124107 0)
(0.0880805 0.0124018 -0.01)
(0.0880805 0.0124018 0)
(0.0875372 0.0129395 -0.01)
(0.0875372 0.0129395 0)
(0.088069 0.0129306 -0.01)
(0.088069 0.0129306 0)
(0.0886097 0.0123897 -0.01)
(0.0886097 0.0123897 0)
(0.0891093 0.0123813 -0.01)
(0.0891093 0.0123813 0)
(0.0885979 0.0129188 -0.01)
(0.0885979 0.0129188 0)
(0.0890997 0.0129083 -0.01)
(0.0890997 0.0129083 0)
(0.0855003 0.0134755 -0.01)
(0.0855003 0.0134755 0)
(0.0860011 0.0134754 -0.01)
(0.0860011 0.0134754 0)
(0.0855001 0.0139914 -0.01)
(0.0855001 0.0139914 0)
(0.0860007 0.0139913 -0.01)
(0.0860007 0.0139913 0)
(0.0865039 0.0134749 -0.01)
(0.0865039 0.0134749 0)
(0.0870121 0.0134732 -0.01)
(0.0870121 0.0134732 0)
(0.0865029 0.013991 -0.01)
(0.0865029 0.013991 0)
(0.0870099 0.0139901 -0.01)
(0.0870099 0.0139901 0)
(0.0855001 0.0144977 -0.01)
(0.0855001 0.0144977 0)
(0.0860005 0.0144977 -0.01)
(0.0860005 0.0144977 0)
(0.0855001 0.0149995 -0.01)
(0.0855001 0.0149995 0)
(0.0860005 0.0149995 -0.01)
(0.0860005 0.0149995 0)
(0.0865024 0.0144976 -0.01)
(0.0865024 0.0144976 0)
(0.0870089 0.0144971 -0.01)
(0.0870089 0.0144971 0)
(0.0865023 0.0149995 -0.01)
(0.0865023 0.0149995 0)
(0.0870087 0.0149993 -0.01)
(0.0870087 0.0149993 0)
(0.0360004 0.00749917 -0.01)
(0.0360004 0.00749917 0)
(0.0360001 0.00799985 -0.01)
(0.0360001 0.00799985 0)
(0.0365006 0.00749866 -0.01)
(0.0365006 0.00749866 0)
(0.037001 0.00749787 -0.01)
(0.037001 0.00749787 0)
(0.0365001 0.00799973 -0.01)
(0.0365001 0.00799973 0)
(0.0370002 0.00799952 -0.01)
(0.0370002 0.00799952 0)
(0.036 0.00849998 -0.01)
(0.036 0.00849998 0)
(0.036 0.009 -0.01)
(0.036 0.009 0)
(0.0365 0.00849996 -0.01)
(0.0365 0.00849996 0)
(0.037 0.00849992 -0.01)
(0.037 0.00849992 0)
(0.0365 0.009 -0.01)
(0.0365 0.009 0)
(0.037 0.00899999 -0.01)
(0.037 0.00899999 0)
(0.036 0.0095 -0.01)
(0.036 0.0095 0)
(0.036 0.01 -0.01)
(0.036 0.01 0)
(0.0365 0.0095 -0.01)
(0.0365 0.0095 0)
(0.037 0.0095 -0.01)
(0.037 0.0095 0)
(0.0365 0.01 -0.01)
(0.0365 0.01 0)
(0.037 0.01 -0.01)
(0.037 0.01 0)
(0.036 0.0105 -0.01)
(0.036 0.0105 0)
(0.036 0.011 -0.01)
(0.036 0.011 0)
(0.0365 0.0105 -0.01)
(0.0365 0.0105 0)
(0.037 0.0105 -0.01)
(0.037 0.0105 0)
(0.0365 0.011 -0.01)
(0.0365 0.011 0)
(0.037 0.011 -0.01)
(0.037 0.011 0)
(0.0875305 0.0134693 -0.01)
(0.0875305 0.0134693 0)
(0.0880603 0.0134625 -0.01)
(0.0880603 0.0134625 0)
(0.0875268 0.0139878 -0.01)
(0.0875268 0.0139878 0)
(0.0880554 0.0139835 -0.01)
(0.0880554 0.0139835 0)
(0.0885891 0.0134528 -0.01)
(0.0885891 0.0134528 0)
(0.0890929 0.0134416 -0.01)
(0.0890929 0.0134416 0)
(0.0885846 0.0139769 -0.01)
(0.0885846 0.0139769 0)
(0.0890899 0.013968 -0.01)
(0.0890899 0.013968 0)
(0.0875251 0.014496 -0.01)
(0.0875251 0.014496 0)
(0.0880533 0.0144938 -0.01)
(0.0880533 0.0144938 0)
(0.0875246 0.0149989 -0.01)
(0.0875246 0.0149989 0)
(0.0880526 0.0149979 -0.01)
(0.0880526 0.0149979 0)
(0.0885828 0.01449 -0.01)
(0.0885828 0.01449 0)
(0.0890891 0.0144841 -0.01)
(0.0890891 0.0144841 0)
(0.0885824 0.0149961 -0.01)
(0.0885824 0.0149961 0)
(0.0890891 0.0149931 -0.01)
(0.0890891 0.0149931 0)
(0.0895663 0.0114333 -0.01)
(0.0895663 0.0114333 0)
(0.0895708 0.0118926 -0.01)
(0.0895708 0.0118926 0)
(0.0895684 0.0123794 -0.01)
(0.0895684 0.0123794 0)
(0.0895629 0.0129028 -0.01)
(0.0895629 0.0129028 0)
(0.0895594 0.0134288 -0.01)
(0.0895594 0.0134288 0)
(0.0895581 0.0139582 -0.01)
(0.0895581 0.0139582 0)
(0.0895579 0.0144766 -0.01)
(0.0895579 0.0144766 0)
(0.089558 0.0149895 -0.01)
(0.089558 0.0149895 0)
(0.0455 0.0155 -0.01)
(0.0455 0.0155 0)
(0.046 0.0155 -0.01)
(0.046 0.0155 0)
(0.0455 0.016 -0.01)
(0.0455 0.016 0)
(0.046 0.016 -0.01)
(0.046 0.016 0)
(0.0465 0.0155 -0.01)
(0.0465 0.0155 0)
(0.047 0.0155 -0.01)
(0.047 0.0155 0)
(0.0465 0.016 -0.01)
(0.0465 0.016 0)
(0.047 0.016 -0.01)
(0.047 0.016 0)
(0.0455 0.0165 -0.01)
(0.0455 0.0165 0)
(0.046 0.0165 -0.01)
(0.046 0.0165 0)
(0.0455 0.017 -0.01)
(0.0455 0.017 0)
(0.046 0.017 -0.01)
(0.046 0.017 0)
(0.0465 0.0165 -0.01)
(0.0465 0.0165 0)
(0.047 0.0165 -0.01)
(0.047 0.0165 0)
(0.0465 0.017 -0.01)
(0.0465 0.017 0)
(0.047 0.017 -0.01)
(0.047 0.017 0)
(0.0475 0.0155 -0.01)
(0.0475 0.0155 0)
(0.048 0.0155 -0.01)
(0.048 0.0155 0)
(0.0475 0.016 -0.01)
(0.0475 0.016 0)
(0.048 0.016 -0.01)
(0.048 0.016 0)
(0.0485 0.0155 -0.01)
(0.0485 0.0155 0)
(0.0490001 0.0155001 -0.01)
(0.0490001 0.0155001 0)
(0.0485001 0.0160001 -0.01)
(0.0485001 0.0160001 0)
(0.0490004 0.0160003 -0.01)
(0.0490004 0.0160003 0)
(0.0475 0.0165 -0.01)
(0.0475 0.0165 0)
(0.0480001 0.0165 -0.01)
(0.0480001 0.0165 0)
(0.0475 0.017 -0.01)
(0.0475 0.017 0)
(0.0480001 0.017 -0.01)
(0.0480001 0.017 0)
(0.0485003 0.0165002 -0.01)
(0.0485003 0.0165002 0)
(0.049001 0.0165007 -0.01)
(0.049001 0.0165007 0)
(0.0485005 0.0170003 -0.01)
(0.0485005 0.0170003 0)
(0.0490021 0.0170012 -0.01)
(0.0490021 0.0170012 0)
(0.0455 0.0175 -0.01)
(0.0455 0.0175 0)
(0.046 0.0175 -0.01)
(0.046 0.0175 0)
(0.0465 0.0175 -0.01)
(0.0465 0.0175 0)
(0.047 0.0175 -0.01)
(0.047 0.0175 0)
(0.036 0.0115 -0.01)
(0.036 0.0115 0)
(0.036 0.012 -0.01)
(0.036 0.012 0)
(0.0365 0.0115 -0.01)
(0.0365 0.0115 0)
(0.037 0.0115 -0.01)
(0.037 0.0115 0)
(0.0365 0.012 -0.01)
(0.0365 0.012 0)
(0.037 0.012 -0.01)
(0.037 0.012 0)
(0.036 0.0125 -0.01)
(0.036 0.0125 0)
(0.036 0.013 -0.01)
(0.036 0.013 0)
(0.0365 0.0125 -0.01)
(0.0365 0.0125 0)
(0.037 0.0125 -0.01)
(0.037 0.0125 0)
(0.0365 0.013 -0.01)
(0.0365 0.013 0)
(0.037 0.013 -0.01)
(0.037 0.013 0)
(0.036 0.0135 -0.01)
(0.036 0.0135 0)
(0.036 0.014 -0.01)
(0.036 0.014 0)
(0.0365 0.0135 -0.01)
(0.0365 0.0135 0)
(0.037 0.0135 -0.01)
(0.037 0.0135 0)
(0.0365 0.014 -0.01)
(0.0365 0.014 0)
(0.037 0.014 -0.01)
(0.037 0.014 0)
(0.0355 0.0145 -0.01)
(0.0355 0.0145 0)
(0.036 0.0145 -0.01)
(0.036 0.0145 0)
(0.0355 0.015 -0.01)
(0.0355 0.015 0)
(0.036 0.015 -0.01)
(0.036 0.015 0)
(0.0365 0.0145 -0.01)
(0.0365 0.0145 0)
(0.037 0.0145 -0.01)
(0.037 0.0145 0)
(0.0365 0.015 -0.01)
(0.0365 0.015 0)
(0.037 0.015 -0.01)
(0.037 0.015 0)
(0.0375015 0.00749675 -0.01)
(0.0375015 0.00749675 0)
(0.0380021 0.00749534 -0.01)
(0.0380021 0.00749534 0)
(0.0375004 0.00799922 -0.01)
(0.0375004 0.00799922 0)
(0.0380005 0.00799882 -0.01)
(0.0380005 0.00799882 0)
(0.0385027 0.00749368 -0.01)
(0.0385027 0.00749368 0)
(0.0390036 0.00749165 -0.01)
(0.0390036 0.00749165 0)
(0.0385007 0.00799829 -0.01)
(0.0385007 0.00799829 0)
(0.039001 0.00799758 -0.01)
(0.039001 0.00799758 0)
(0.0375001 0.00849986 -0.01)
(0.0375001 0.00849986 0)
(0.0380001 0.00849977 -0.01)
(0.0380001 0.00849977 0)
(0.0375 0.00899998 -0.01)
(0.0375 0.00899998 0)
(0.038 0.00899997 -0.01)
(0.038 0.00899997 0)
(0.0385001 0.00849965 -0.01)
(0.0385001 0.00849965 0)
(0.0390002 0.00849946 -0.01)
(0.0390002 0.00849946 0)
(0.0385 0.00899995 -0.01)
(0.0385 0.00899995 0)
(0.039 0.00899991 -0.01)
(0.039 0.00899991 0)
(0.039505 0.00748882 -0.01)
(0.039505 0.00748882 0)
(0.040007 0.0074847 -0.01)
(0.040007 0.0074847 0)
(0.0395016 0.00799649 -0.01)
(0.0395016 0.00799649 0)
(0.0400024 0.0079948 -0.01)
(0.0400024 0.0079948 0)
(0.0475 0.0175 -0.01)
(0.0475 0.0175 0)
(0.0480002 0.0175001 -0.01)
(0.0480002 0.0175001 0)
(0.0485009 0.0175003 -0.01)
(0.0485009 0.0175003 0)
(0.0490036 0.0175015 -0.01)
(0.0490036 0.0175015 0)
(0.0495003 0.0155004 -0.01)
(0.0495003 0.0155004 0)
(0.0500007 0.015501 -0.01)
(0.0500007 0.015501 0)
(0.0495011 0.0160011 -0.01)
(0.0495011 0.0160011 0)
(0.0500026 0.0160031 -0.01)
(0.0500026 0.0160031 0)
(0.0505013 0.0155022 -0.01)
(0.0505013 0.0155022 0)
(0.0510017 0.0155039 -0.01)
(0.0510017 0.0155039 0)
(0.0505045 0.0160068 -0.01)
(0.0505045 0.0160068 0)
(0.0510061 0.016012 -0.01)
(0.0510061 0.016012 0)
(0.049503 0.0165024 -0.01)
(0.049503 0.0165024 0)
(0.0500072 0.0165071 -0.01)
(0.0500072 0.0165071 0)
(0.0495066 0.0170042 -0.01)
(0.0495066 0.0170042 0)
(0.0500165 0.0170127 -0.01)
(0.0500165 0.0170127 0)
(0.0505133 0.0165166 -0.01)
(0.0505133 0.0165166 0)
(0.0510183 0.0165305 -0.01)
(0.0510183 0.0165305 0)
(0.0505327 0.0170317 -0.01)
(0.0505327 0.0170317 0)
(0.0510476 0.0170645 -0.01)
(0.0510476 0.0170645 0)
(0.0515018 0.0155053 -0.01)
(0.0515018 0.0155053 0)
(0.0520014 0.0155058 -0.01)
(0.0520014 0.0155058 0)
(0.0515062 0.0160166 -0.01)
(0.0515062 0.0160166 0)
(0.0520048 0.0160183 -0.01)
(0.0520048 0.0160183 0)
(0.0525008 0.0155053 -0.01)
(0.0525008 0.0155053 0)
(0.0530003 0.0155041 -0.01)
(0.0530003 0.0155041 0)
(0.0525026 0.0160165 -0.01)
(0.0525026 0.0160165 0)
(0.0530009 0.0160128 -0.01)
(0.0530009 0.0160128 0)
(0.0515185 0.0165432 -0.01)
(0.0515185 0.0165432 0)
(0.0520138 0.0165469 -0.01)
(0.0520138 0.0165469 0)
(0.0515474 0.0170968 -0.01)
(0.0515474 0.0170968 0)
(0.0520341 0.0171016 -0.01)
(0.0520341 0.0171016 0)
(0.0525076 0.0165408 -0.01)
(0.0525076 0.0165408 0)
(0.053003 0.0165303 -0.01)
(0.053003 0.0165303 0)
(0.0525183 0.0170791 -0.01)
(0.0525183 0.0170791 0)
(0.0530086 0.017051 -0.01)
(0.0530086 0.017051 0)
(0.0495114 0.0175054 -0.01)
(0.0495114 0.0175054 0)
(0.0500301 0.0175167 -0.01)
(0.0500301 0.0175167 0)
(0.0405099 0.00747911 -0.01)
(0.0405099 0.00747911 0)
(0.0410133 0.00747219 -0.01)
(0.0410133 0.00747219 0)
(0.0405036 0.00799235 -0.01)
(0.0405036 0.00799235 0)
(0.0410051 0.0079891 -0.01)
(0.0410051 0.0079891 0)
(0.0395004 0.00849914 -0.01)
(0.0395004 0.00849914 0)
(0.0400006 0.00849862 -0.01)
(0.0400006 0.00849862 0)
(0.0395001 0.00899984 -0.01)
(0.0395001 0.00899984 0)
(0.0400001 0.00899972 -0.01)
(0.0400001 0.00899972 0)
(0.040501 0.00849781 -0.01)
(0.040501 0.00849781 0)
(0.0410015 0.00849666 -0.01)
(0.0410015 0.00849666 0)
(0.0405002 0.00899951 -0.01)
(0.0405002 0.00899951 0)
(0.0410004 0.0089992 -0.01)
(0.0410004 0.0089992 0)
(0.0375 0.0095 -0.01)
(0.0375 0.0095 0)
(0.038 0.0095 -0.01)
(0.038 0.0095 0)
(0.0375 0.01 -0.01)
(0.0375 0.01 0)
(0.038 0.01 -0.01)
(0.038 0.01 0)
(0.0385 0.0095 -0.01)
(0.0385 0.0095 0)
(0.039 0.00949999 -0.01)
(0.039 0.00949999 0)
(0.0385 0.01 -0.01)
(0.0385 0.01 0)
(0.039 0.01 -0.01)
(0.039 0.01 0)
(0.0375 0.0105 -0.01)
(0.0375 0.0105 0)
(0.038 0.0105 -0.01)
(0.038 0.0105 0)
(0.0375 0.011 -0.01)
(0.0375 0.011 0)
(0.038 0.011 -0.01)
(0.038 0.011 0)
(0.0385 0.0105 -0.01)
(0.0385 0.0105 0)
(0.039 0.0105 -0.01)
(0.039 0.0105 0)
(0.0385 0.011 -0.01)
(0.0385 0.011 0)
(0.039 0.011 -0.01)
(0.039 0.011 0)
(0.0395 0.00949998 -0.01)
(0.0395 0.00949998 0)
(0.04 0.00949996 -0.01)
(0.04 0.00949996 0)
(0.0395 0.01 -0.01)
(0.0395 0.01 0)
(0.04 0.01 -0.01)
(0.04 0.01 0)
(0.0405 0.00949992 -0.01)
(0.0405 0.00949992 0)
(0.0410001 0.00949986 -0.01)
(0.0410001 0.00949986 0)
(0.0405 0.00999999 -0.01)
(0.0405 0.00999999 0)
(0.041 0.00999998 -0.01)
(0.041 0.00999998 0)
(0.0395 0.0105 -0.01)
(0.0395 0.0105 0)
(0.04 0.0105 -0.01)
(0.04 0.0105 0)
(0.0395 0.011 -0.01)
(0.0395 0.011 0)
(0.04 0.011 -0.01)
(0.04 0.011 0)
(0.0405 0.0105 -0.01)
(0.0405 0.0105 0)
(0.041 0.0105 -0.01)
(0.041 0.0105 0)
(0.0405 0.011 -0.01)
(0.0405 0.011 0)
(0.041 0.011 -0.01)
(0.041 0.011 0)
(0.0415168 0.00746454 -0.01)
(0.0415168 0.00746454 0)
(0.0420198 0.00745776 -0.01)
(0.0420198 0.00745776 0)
(0.0415067 0.00798527 -0.01)
(0.0415067 0.00798527 0)
(0.0420083 0.00798128 -0.01)
(0.0420083 0.00798128 0)
(0.0425223 0.00745312 -0.01)
(0.0425223 0.00745312 0)
(0.0430246 0.00744915 -0.01)
(0.0430246 0.00744915 0)
(0.04251 0.00797732 -0.01)
(0.04251 0.00797732 0)
(0.0430121 0.00797296 -0.01)
(0.0430121 0.00797296 0)
(0.0415021 0.00849522 -0.01)
(0.0415021 0.00849522 0)
(0.0420028 0.00849356 -0.01)
(0.0420028 0.00849356 0)
(0.0415005 0.00899879 -0.01)
(0.0415005 0.00899879 0)
(0.0420007 0.00899827 -0.01)
(0.0420007 0.00899827 0)
(0.0425036 0.00849164 -0.01)
(0.0425036 0.00849164 0)
(0.0430047 0.00848928 -0.01)
(0.0430047 0.00848928 0)
(0.042501 0.00899761 -0.01)
(0.042501 0.00899761 0)
(0.0430014 0.00899672 -0.01)
(0.0430014 0.00899672 0)
(0.0435274 0.00744397 -0.01)
(0.0435274 0.00744397 0)
(0.0440314 0.00744119 -0.01)
(0.0440314 0.00744119 0)
(0.0435146 0.007968 -0.01)
(0.0435146 0.007968 0)
(0.0440171 0.00796368 -0.01)
(0.0440171 0.00796368 0)
(0.0445341 0.00744761 -0.01)
(0.0445341 0.00744761 0)
(0.0450317 0.00745638 -0.01)
(0.0450317 0.00745638 0)
(0.0445193 0.00796107 -0.01)
(0.0445193 0.00796107 0)
(0.0450215 0.00795814 -0.01)
(0.0450215 0.00795814 0)
(0.043506 0.00848643 -0.01)
(0.043506 0.00848643 0)
(0.0440074 0.00848336 -0.01)
(0.0440074 0.00848336 0)
(0.0435019 0.00899557 -0.01)
(0.0435019 0.00899557 0)
(0.0440025 0.00899418 -0.01)
(0.0440025 0.00899418 0)
(0.0445089 0.00848013 -0.01)
(0.0445089 0.00848013 0)
(0.0450113 0.00847589 -0.01)
(0.0450113 0.00847589 0)
(0.0445033 0.00899245 -0.01)
(0.0445033 0.00899245 0)
(0.0450046 0.00898998 -0.01)
(0.0450046 0.00898998 0)
(0.0415001 0.00949977 -0.01)
(0.0415001 0.00949977 0)
(0.0420001 0.00949964 -0.01)
(0.0420001 0.00949964 0)
(0.0415 0.00999997 -0.01)
(0.0415 0.00999997 0)
(0.042 0.00999995 -0.01)
(0.042 0.00999995 0)
(0.0425002 0.00949947 -0.01)
(0.0425002 0.00949947 0)
(0.0430003 0.00949922 -0.01)
(0.0430003 0.00949922 0)
(0.0425 0.00999991 -0.01)
(0.0425 0.00999991 0)
(0.0430001 0.00999986 -0.01)
(0.0430001 0.00999986 0)
(0.0415 0.0105 -0.01)
(0.0415 0.0105 0)
(0.042 0.0105 -0.01)
(0.042 0.0105 0)
(0.0415 0.011 -0.01)
(0.0415 0.011 0)
(0.042 0.011 -0.01)
(0.042 0.011 0)
(0.0425 0.0105 -0.01)
(0.0425 0.0105 0)
(0.043 0.0105 -0.01)
(0.043 0.0105 0)
(0.0425 0.011 -0.01)
(0.0425 0.011 0)
(0.043 0.011 -0.01)
(0.043 0.011 0)
(0.0435005 0.00949888 -0.01)
(0.0435005 0.00949888 0)
(0.0440007 0.00949843 -0.01)
(0.0440007 0.00949843 0)
(0.0435001 0.00999979 -0.01)
(0.0435001 0.00999979 0)
(0.0440001 0.00999968 -0.01)
(0.0440001 0.00999968 0)
(0.044501 0.00949779 -0.01)
(0.044501 0.00949779 0)
(0.0450015 0.00949682 -0.01)
(0.0450015 0.00949682 0)
(0.0445002 0.0099995 -0.01)
(0.0445002 0.0099995 0)
(0.0450004 0.00999922 -0.01)
(0.0450004 0.00999922 0)
(0.0435 0.0105 -0.01)
(0.0435 0.0105 0)
(0.044 0.0105 -0.01)
(0.044 0.0105 0)
(0.0435 0.011 -0.01)
(0.0435 0.011 0)
(0.044 0.011 -0.01)
(0.044 0.011 0)
(0.0445 0.0104999 -0.01)
(0.0445 0.0104999 0)
(0.0450001 0.0104999 -0.01)
(0.0450001 0.0104999 0)
(0.0445 0.011 -0.01)
(0.0445 0.011 0)
(0.045 0.011 -0.01)
(0.045 0.011 0)
(0.0375 0.0115 -0.01)
(0.0375 0.0115 0)
(0.038 0.0115 -0.01)
(0.038 0.0115 0)
(0.0375 0.012 -0.01)
(0.0375 0.012 0)
(0.038 0.012 -0.01)
(0.038 0.012 0)
(0.0385 0.0115 -0.01)
(0.0385 0.0115 0)
(0.039 0.0115 -0.01)
(0.039 0.0115 0)
(0.0385 0.012 -0.01)
(0.0385 0.012 0)
(0.039 0.012 -0.01)
(0.039 0.012 0)
(0.0375 0.0125 -0.01)
(0.0375 0.0125 0)
(0.038 0.0125 -0.01)
(0.038 0.0125 0)
(0.0375 0.013 -0.01)
(0.0375 0.013 0)
(0.038 0.013 -0.01)
(0.038 0.013 0)
(0.0385 0.0125 -0.01)
(0.0385 0.0125 0)
(0.039 0.0125 -0.01)
(0.039 0.0125 0)
(0.0385 0.013 -0.01)
(0.0385 0.013 0)
(0.039 0.013 -0.01)
(0.039 0.013 0)
(0.0395 0.0115 -0.01)
(0.0395 0.0115 0)
(0.04 0.0115 -0.01)
(0.04 0.0115 0)
(0.0395 0.012 -0.01)
(0.0395 0.012 0)
(0.04 0.012 -0.01)
(0.04 0.012 0)
(0.0405 0.0115 -0.01)
(0.0405 0.0115 0)
(0.041 0.0115 -0.01)
(0.041 0.0115 0)
(0.0405 0.012 -0.01)
(0.0405 0.012 0)
(0.041 0.012 -0.01)
(0.041 0.012 0)
(0.0395 0.0125 -0.01)
(0.0395 0.0125 0)
(0.04 0.0125 -0.01)
(0.04 0.0125 0)
(0.0395 0.013 -0.01)
(0.0395 0.013 0)
(0.04 0.013 -0.01)
(0.04 0.013 0)
(0.0405 0.0125 -0.01)
(0.0405 0.0125 0)
(0.041 0.0125 -0.01)
(0.041 0.0125 0)
(0.0405 0.013 -0.01)
(0.0405 0.013 0)
(0.041 0.013 -0.01)
(0.041 0.013 0)
(0.0375 0.0135 -0.01)
(0.0375 0.0135 0)
(0.038 0.0135 -0.01)
(0.038 0.0135 0)
(0.0375 0.014 -0.01)
(0.0375 0.014 0)
(0.038 0.014 -0.01)
(0.038 0.014 0)
(0.0385 0.0135 -0.01)
(0.0385 0.0135 0)
(0.039 0.0135 -0.01)
(0.039 0.0135 0)
(0.0385 0.014 -0.01)
(0.0385 0.014 0)
(0.039 0.014 -0.01)
(0.039 0.014 0)
(0.0375 0.0145 -0.01)
(0.0375 0.0145 0)
(0.038 0.0145 -0.01)
(0.038 0.0145 0)
(0.0375 0.015 -0.01)
(0.0375 0.015 0)
(0.038 0.015 -0.01)
(0.038 0.015 0)
(0.0385 0.0145 -0.01)
(0.0385 0.0145 0)
(0.039 0.0145 -0.01)
(0.039 0.0145 0)
(0.0385 0.015 -0.01)
(0.0385 0.015 0)
(0.039 0.015 -0.01)
(0.039 0.015 0)
(0.0395 0.0135 -0.01)
(0.0395 0.0135 0)
(0.04 0.0135 -0.01)
(0.04 0.0135 0)
(0.0395 0.014 -0.01)
(0.0395 0.014 0)
(0.04 0.014 -0.01)
(0.04 0.014 0)
(0.0405 0.0135 -0.01)
(0.0405 0.0135 0)
(0.041 0.0135 -0.01)
(0.041 0.0135 0)
(0.0405 0.014 -0.01)
(0.0405 0.014 0)
(0.041 0.014 -0.01)
(0.041 0.014 0)
(0.0395 0.0145 -0.01)
(0.0395 0.0145 0)
(0.04 0.0145 -0.01)
(0.04 0.0145 0)
(0.0395 0.015 -0.01)
(0.0395 0.015 0)
(0.04 0.015 -0.01)
(0.04 0.015 0)
(0.0405 0.0145 -0.01)
(0.0405 0.0145 0)
(0.041 0.0145 -0.01)
(0.041 0.0145 0)
(0.0405 0.015 -0.01)
(0.0405 0.015 0)
(0.041 0.015 -0.01)
(0.041 0.015 0)
(0.0415 0.0115 -0.01)
(0.0415 0.0115 0)
(0.042 0.0115 -0.01)
(0.042 0.0115 0)
(0.0415 0.012 -0.01)
(0.0415 0.012 0)
(0.042 0.012 -0.01)
(0.042 0.012 0)
(0.0425 0.0115 -0.01)
(0.0425 0.0115 0)
(0.043 0.0115 -0.01)
(0.043 0.0115 0)
(0.0425 0.012 -0.01)
(0.0425 0.012 0)
(0.043 0.012 -0.01)
(0.043 0.012 0)
(0.0415 0.0125 -0.01)
(0.0415 0.0125 0)
(0.042 0.0125 -0.01)
(0.042 0.0125 0)
(0.0415 0.013 -0.01)
(0.0415 0.013 0)
(0.042 0.013 -0.01)
(0.042 0.013 0)
(0.0425 0.0125 -0.01)
(0.0425 0.0125 0)
(0.043 0.0125 -0.01)
(0.043 0.0125 0)
(0.0425 0.013 -0.01)
(0.0425 0.013 0)
(0.043 0.013 -0.01)
(0.043 0.013 0)
(0.0435 0.0115 -0.01)
(0.0435 0.0115 0)
(0.044 0.0115 -0.01)
(0.044 0.0115 0)
(0.0435 0.012 -0.01)
(0.0435 0.012 0)
(0.044 0.012 -0.01)
(0.044 0.012 0)
(0.0445 0.0115 -0.01)
(0.0445 0.0115 0)
(0.045 0.0115 -0.01)
(0.045 0.0115 0)
(0.0445 0.012 -0.01)
(0.0445 0.012 0)
(0.045 0.012 -0.01)
(0.045 0.012 0)
(0.0435 0.0125 -0.01)
(0.0435 0.0125 0)
(0.044 0.0125 -0.01)
(0.044 0.0125 0)
(0.0435 0.013 -0.01)
(0.0435 0.013 0)
(0.044 0.013 -0.01)
(0.044 0.013 0)
(0.0535 0.0155029 -0.01)
(0.0535 0.0155029 0)
(0.0539998 0.0155022 -0.01)
(0.0539998 0.0155022 0)
(0.0534999 0.0160093 -0.01)
(0.0534999 0.0160093 0)
(0.0539994 0.0160071 -0.01)
(0.0539994 0.0160071 0)
(0.0544997 0.0155018 -0.01)
(0.0544997 0.0155018 0)
(0.0549996 0.0155017 -0.01)
(0.0549996 0.0155017 0)
(0.0544989 0.0160063 -0.01)
(0.0544989 0.0160063 0)
(0.0549985 0.0160061 -0.01)
(0.0549985 0.0160061 0)
(0.0535003 0.0165217 -0.01)
(0.0535003 0.0165217 0)
(0.0539986 0.0165172 -0.01)
(0.0539986 0.0165172 0)
(0.053503 0.0170331 -0.01)
(0.053503 0.0170331 0)
(0.0539982 0.0170269 -0.01)
(0.0539982 0.0170269 0)
(0.0544969 0.0165161 -0.01)
(0.0544969 0.0165161 0)
(0.0549954 0.0165164 -0.01)
(0.0549954 0.0165164 0)
(0.054493 0.0170281 -0.01)
(0.054493 0.0170281 0)
(0.0549884 0.0170316 -0.01)
(0.0549884 0.0170316 0)
(0.0554995 0.0155015 -0.01)
(0.0554995 0.0155015 0)
(0.0559996 0.0155013 -0.01)
(0.0559996 0.0155013 0)
(0.0554982 0.0160057 -0.01)
(0.0554982 0.0160057 0)
(0.0559983 0.0160049 -0.01)
(0.0559983 0.0160049 0)
(0.0564997 0.015501 -0.01)
(0.0564997 0.015501 0)
(0.0569998 0.0155007 -0.01)
(0.0569998 0.0155007 0)
(0.0564986 0.0160038 -0.01)
(0.0564986 0.0160038 0)
(0.0569991 0.0160028 -0.01)
(0.0569991 0.0160028 0)
(0.0554945 0.0165161 -0.01)
(0.0554945 0.0165161 0)
(0.0559947 0.0165143 -0.01)
(0.0559947 0.0165143 0)
(0.0554861 0.0170334 -0.01)
(0.0554861 0.0170334 0)
(0.0559872 0.0170311 -0.01)
(0.0559872 0.0170311 0)
(0.0564959 0.0165114 -0.01)
(0.0564959 0.0165114 0)
(0.0569973 0.0165086 -0.01)
(0.0569973 0.0165086 0)
(0.0564907 0.0170251 -0.01)
(0.0564907 0.0170251 0)
(0.0569941 0.0170193 -0.01)
(0.0569941 0.0170193 0)
(0.0535121 0.0175174 -0.01)
(0.0535121 0.0175174 0)
(0.0539996 0.0175158 -0.01)
(0.0539996 0.0175158 0)
(0.0544862 0.0175256 -0.01)
(0.0544862 0.0175256 0)
(0.054975 0.0175384 -0.01)
(0.054975 0.0175384 0)
(0.0564858 0.0175369 -0.01)
(0.0564858 0.0175369 0)
(0.0569916 0.0175273 -0.01)
(0.0569916 0.0175273 0)
(0.0574999 0.0155005 -0.01)
(0.0574999 0.0155005 0)
(0.0579999 0.0155004 -0.01)
(0.0579999 0.0155004 0)
(0.0574994 0.0160021 -0.01)
(0.0574994 0.0160021 0)
(0.0579996 0.0160018 -0.01)
(0.0579996 0.0160018 0)
(0.0584999 0.0155003 -0.01)
(0.0584999 0.0155003 0)
(0.0589999 0.0155003 -0.01)
(0.0589999 0.0155003 0)
(0.0584996 0.0160016 -0.01)
(0.0584996 0.0160016 0)
(0.0589995 0.0160015 -0.01)
(0.0589995 0.0160015 0)
(0.0574982 0.0165068 -0.01)
(0.0574982 0.0165068 0)
(0.0579985 0.0165062 -0.01)
(0.0579985 0.0165062 0)
(0.0574959 0.0170162 -0.01)
(0.0574959 0.0170162 0)
(0.0579959 0.0170158 -0.01)
(0.0579959 0.0170158 0)
(0.0584983 0.016506 -0.01)
(0.0584983 0.016506 0)
(0.0589982 0.0165057 -0.01)
(0.0589982 0.0165057 0)
(0.058495 0.0170163 -0.01)
(0.058495 0.0170163 0)
(0.0589944 0.0170161 -0.01)
(0.0589944 0.0170161 0)
(0.0594999 0.0155002 -0.01)
(0.0594999 0.0155002 0)
(0.0599999 0.0155002 -0.01)
(0.0599999 0.0155002 0)
(0.0594996 0.0160013 -0.01)
(0.0594996 0.0160013 0)
(0.0599997 0.016001 -0.01)
(0.0599997 0.016001 0)
(0.0605 0.0155001 -0.01)
(0.0605 0.0155001 0)
(0.061 0.0155 -0.01)
(0.061 0.0155 0)
(0.0604998 0.0160007 -0.01)
(0.0604998 0.0160007 0)
(0.0609999 0.0160005 -0.01)
(0.0609999 0.0160005 0)
(0.0594983 0.0165049 -0.01)
(0.0594983 0.0165049 0)
(0.0599986 0.0165038 -0.01)
(0.0599986 0.0165038 0)
(0.0445 0.0125 -0.01)
(0.0445 0.0125 0)
(0.045 0.0125 -0.01)
(0.045 0.0125 0)
(0.0445 0.013 -0.01)
(0.0445 0.013 0)
(0.045 0.013 -0.01)
(0.045 0.013 0)
(0.0415 0.0135 -0.01)
(0.0415 0.0135 0)
(0.042 0.0135 -0.01)
(0.042 0.0135 0)
(0.0415 0.014 -0.01)
(0.0415 0.014 0)
(0.042 0.014 -0.01)
(0.042 0.014 0)
(0.0425 0.0135 -0.01)
(0.0425 0.0135 0)
(0.043 0.0135 -0.01)
(0.043 0.0135 0)
(0.0425 0.014 -0.01)
(0.0425 0.014 0)
(0.043 0.014 -0.01)
(0.043 0.014 0)
(0.0415 0.0145 -0.01)
(0.0415 0.0145 0)
(0.042 0.0145 -0.01)
(0.042 0.0145 0)
(0.0415 0.015 -0.01)
(0.0415 0.015 0)
(0.042 0.015 -0.01)
(0.042 0.015 0)
(0.0425 0.0145 -0.01)
(0.0425 0.0145 0)
(0.043 0.0145 -0.01)
(0.043 0.0145 0)
(0.0425 0.015 -0.01)
(0.0425 0.015 0)
(0.043 0.015 -0.01)
(0.043 0.015 0)
(0.0435 0.0135 -0.01)
(0.0435 0.0135 0)
(0.044 0.0135 -0.01)
(0.044 0.0135 0)
(0.0435 0.014 -0.01)
(0.0435 0.014 0)
(0.044 0.014 -0.01)
(0.044 0.014 0)
(0.0445 0.0135 -0.01)
(0.0445 0.0135 0)
(0.045 0.0135 -0.01)
(0.045 0.0135 0)
(0.0445 0.014 -0.01)
(0.0445 0.014 0)
(0.045 0.014 -0.01)
(0.045 0.014 0)
(0.0435 0.0145 -0.01)
(0.0435 0.0145 0)
(0.044 0.0145 -0.01)
(0.044 0.0145 0)
(0.0435 0.015 -0.01)
(0.0435 0.015 0)
(0.044 0.015 -0.01)
(0.044 0.015 0)
(0.0445 0.0145 -0.01)
(0.0445 0.0145 0)
(0.045 0.0145 -0.01)
(0.045 0.0145 0)
(0.0445 0.015 -0.01)
(0.0445 0.015 0)
(0.045 0.015 -0.01)
(0.045 0.015 0)
(0.0454664 0.00665607 -0.01)
(0.0454664 0.00665607 0)
(0.0457745 0.00666415 -0.01)
(0.0457745 0.00666415 0)
(0.0455094 0.00701911 -0.01)
(0.0455094 0.00701911 0)
(0.0460122 0.00694036 -0.01)
(0.0460122 0.00694036 0)
(0.0465724 0.00705213 -0.01)
(0.0465724 0.00705213 0)
(0.0470074 0.00710388 -0.01)
(0.0470074 0.00710388 0)
(0.0473215 0.00711108 -0.01)
(0.0473215 0.00711108 0)
(0.0594947 0.0170143 -0.01)
(0.0594947 0.0170143 0)
(0.0599959 0.0170114 -0.01)
(0.0599959 0.0170114 0)
(0.0604991 0.0165028 -0.01)
(0.0604991 0.0165028 0)
(0.0609994 0.0165021 -0.01)
(0.0609994 0.0165021 0)
(0.0604973 0.0170086 -0.01)
(0.0604973 0.0170086 0)
(0.0609982 0.0170068 -0.01)
(0.0609982 0.0170068 0)
(0.0574931 0.0175247 -0.01)
(0.0574931 0.0175247 0)
(0.057991 0.0175273 -0.01)
(0.057991 0.0175273 0)
(0.0584877 0.0175314 -0.01)
(0.0584877 0.0175314 0)
(0.0589859 0.0175334 -0.01)
(0.0589859 0.0175334 0)
(0.0594872 0.017531 -0.01)
(0.0594872 0.017531 0)
(0.0599907 0.0175251 -0.01)
(0.0599907 0.0175251 0)
(0.0604941 0.0175193 -0.01)
(0.0604941 0.0175193 0)
(0.0609959 0.0175162 -0.01)
(0.0609959 0.0175162 0)
(0.0775 0.0154999 -0.01)
(0.0775 0.0154999 0)
(0.078 0.0154999 -0.01)
(0.078 0.0154999 0)
(0.0775 0.0160001 -0.01)
(0.0775 0.0160001 0)
(0.078 0.0160001 -0.01)
(0.078 0.0160001 0)
(0.0785 0.0154999 -0.01)
(0.0785 0.0154999 0)
(0.079 0.0154999 -0.01)
(0.079 0.0154999 0)
(0.0785 0.0160001 -0.01)
(0.0785 0.0160001 0)
(0.079 0.0160001 -0.01)
(0.079 0.0160001 0)
(0.0775 0.0165004 -0.01)
(0.0775 0.0165004 0)
(0.078 0.0165004 -0.01)
(0.078 0.0165004 0)
(0.0775 0.0170021 -0.01)
(0.0775 0.0170021 0)
(0.078 0.0170021 -0.01)
(0.078 0.0170021 0)
(0.0785 0.0165004 -0.01)
(0.0785 0.0165004 0)
(0.079 0.0165004 -0.01)
(0.079 0.0165004 0)
(0.0785 0.0170021 -0.01)
(0.0785 0.0170021 0)
(0.079 0.0170021 -0.01)
(0.079 0.0170021 0)
(0.0795 0.0154999 -0.01)
(0.0795 0.0154999 0)
(0.045528 0.00745469 -0.01)
(0.045528 0.00745469 0)
(0.0460367 0.00744506 -0.01)
(0.0460367 0.00744506 0)
(0.0455252 0.00795188 -0.01)
(0.0455252 0.00795188 0)
(0.0460323 0.00794457 -0.01)
(0.0460323 0.00794457 0)
(0.0465518 0.00746833 -0.01)
(0.0465518 0.00746833 0)
(0.0470393 0.00748132 -0.01)
(0.0470393 0.00748132 0)
(0.0465402 0.00794162 -0.01)
(0.0465402 0.00794162 0)
(0.0470439 0.00793427 -0.01)
(0.0470439 0.00793427 0)
(0.0455149 0.00846975 -0.01)
(0.0455149 0.00846975 0)
(0.0460199 0.00846201 -0.01)
(0.0460199 0.00846201 0)
(0.0455066 0.00898632 -0.01)
(0.0455066 0.00898632 0)
(0.0460093 0.00898134 -0.01)
(0.0460093 0.00898134 0)
(0.0465255 0.00845357 -0.01)
(0.0465255 0.00845357 0)
(0.0470306 0.00844457 -0.01)
(0.0470306 0.00844457 0)
(0.0465125 0.00897517 -0.01)
(0.0465125 0.00897517 0)
(0.0470157 0.00896845 -0.01)
(0.0470157 0.00896845 0)
(0.0475534 0.00739568 -0.01)
(0.0475534 0.00739568 0)
(0.0481022 0.00751444 -0.01)
(0.0481022 0.00751444 0)
(0.0475522 0.00792492 -0.01)
(0.0475522 0.00792492 0)
(0.0480601 0.00795544 -0.01)
(0.0480601 0.00795544 0)
(0.0485543 0.00759028 -0.01)
(0.0485543 0.00759028 0)
(0.0489712 0.00764375 -0.01)
(0.0489712 0.00764375 0)
(0.0485431 0.00799223 -0.01)
(0.0485431 0.00799223 0)
(0.0490133 0.00800924 -0.01)
(0.0490133 0.00800924 0)
(0.0475349 0.00843901 -0.01)
(0.0475349 0.00843901 0)
(0.048037 0.00844347 -0.01)
(0.048037 0.00844347 0)
(0.0475184 0.00896275 -0.01)
(0.0475184 0.00896275 0)
(0.0480205 0.00895913 -0.01)
(0.0480205 0.00895913 0)
(0.0485341 0.00845091 -0.01)
(0.0485341 0.00845091 0)
(0.0490305 0.00844819 -0.01)
(0.0490305 0.00844819 0)
(0.0485226 0.0089554 -0.01)
(0.0485226 0.0089554 0)
(0.0490264 0.00894841 -0.01)
(0.0490264 0.00894841 0)
(0.0455022 0.00949529 -0.01)
(0.0455022 0.00949529 0)
(0.0460034 0.00949305 -0.01)
(0.0460034 0.00949305 0)
(0.0455006 0.00999874 -0.01)
(0.0455006 0.00999874 0)
(0.046001 0.00999799 -0.01)
(0.046001 0.00999799 0)
(0.0465048 0.00949009 -0.01)
(0.0465048 0.00949009 0)
(0.0470063 0.0094866 -0.01)
(0.0470063 0.0094866 0)
(0.0465015 0.00999694 -0.01)
(0.0465015 0.00999694 0)
(0.047002 0.00999561 -0.01)
(0.047002 0.00999561 0)
(0.0455001 0.0104997 -0.01)
(0.0455001 0.0104997 0)
(0.0460002 0.0104996 -0.01)
(0.0460002 0.0104996 0)
(0.0455 0.011 -0.01)
(0.0455 0.011 0)
(0.046 0.0109999 -0.01)
(0.046 0.0109999 0)
(0.0465003 0.0104993 -0.01)
(0.0465003 0.0104993 0)
(0.0470005 0.0104989 -0.01)
(0.0470005 0.0104989 0)
(0.0465001 0.0109999 -0.01)
(0.0465001 0.0109999 0)
(0.0470001 0.0109998 -0.01)
(0.0470001 0.0109998 0)
(0.0475078 0.00948301 -0.01)
(0.0475078 0.00948301 0)
(0.0480094 0.00947937 -0.01)
(0.0480094 0.00947937 0)
(0.0475026 0.00999406 -0.01)
(0.0475026 0.00999406 0)
(0.0480035 0.0099922 -0.01)
(0.0480035 0.0099922 0)
(0.0485117 0.00947477 -0.01)
(0.0485117 0.00947477 0)
(0.0490154 0.00946824 -0.01)
(0.0490154 0.00946824 0)
(0.0485047 0.0099896 -0.01)
(0.0485047 0.0099896 0)
(0.0490067 0.00998578 -0.01)
(0.0490067 0.00998578 0)
(0.0475007 0.0104984 -0.01)
(0.0475007 0.0104984 0)
(0.048001 0.0104977 -0.01)
(0.048001 0.0104977 0)
(0.0475001 0.0109997 -0.01)
(0.0475001 0.0109997 0)
(0.0480002 0.0109995 -0.01)
(0.0480002 0.0109995 0)
(0.0485015 0.0104967 -0.01)
(0.0485015 0.0104967 0)
(0.0490023 0.0104951 -0.01)
(0.0490023 0.0104951 0)
(0.0485004 0.0109992 -0.01)
(0.0485004 0.0109992 0)
(0.0490006 0.0109987 -0.01)
(0.0490006 0.0109987 0)
(0.049279 0.00765145 -0.01)
(0.049279 0.00765145 0)
(0.0495166 0.00792865 -0.01)
(0.0495166 0.00792865 0)
(0.0500754 0.00804023 -0.01)
(0.0500754 0.00804023 0)
(0.0505106 0.00809139 -0.01)
(0.0505106 0.00809139 0)
(0.0508251 0.00809826 -0.01)
(0.0508251 0.00809826 0)
(0.0495392 0.00843756 -0.01)
(0.0495392 0.00843756 0)
(0.0500541 0.00845967 -0.01)
(0.0500541 0.00845967 0)
(0.0495336 0.0089403 -0.01)
(0.0495336 0.0089403 0)
(0.0500417 0.0089364 -0.01)
(0.0500417 0.0089364 0)
(0.0505421 0.00847154 -0.01)
(0.0505421 0.00847154 0)
(0.0510571 0.00838411 -0.01)
(0.0510571 0.00838411 0)
(0.0505457 0.00892809 -0.01)
(0.0505457 0.00892809 0)
(0.0510542 0.00891786 -0.01)
(0.0510542 0.00891786 0)
(0.051605 0.00850284 -0.01)
(0.051605 0.00850284 0)
(0.0520573 0.00857837 -0.01)
(0.0520573 0.00857837 0)
(0.0515619 0.00894742 -0.01)
(0.0515619 0.00894742 0)
(0.0520454 0.00898335 -0.01)
(0.0520454 0.00898335 0)
(0.0524745 0.00863125 -0.01)
(0.0524745 0.00863125 0)
(0.08 0.0154999 -0.01)
(0.08 0.0154999 0)
(0.0795 0.0160001 -0.01)
(0.0795 0.0160001 0)
(0.08 0.0160001 -0.01)
(0.08 0.0160001 0)
(0.0805 0.0154999 -0.01)
(0.0805 0.0154999 0)
(0.081 0.0154999 -0.01)
(0.081 0.0154999 0)
(0.0805 0.0160001 -0.01)
(0.0805 0.0160001 0)
(0.081 0.0160001 -0.01)
(0.081 0.0160001 0)
(0.0795 0.0165004 -0.01)
(0.0795 0.0165004 0)
(0.08 0.0165004 -0.01)
(0.08 0.0165004 0)
(0.0795 0.0170021 -0.01)
(0.0795 0.0170021 0)
(0.08 0.0170021 -0.01)
(0.08 0.0170021 0)
(0.0805 0.0165004 -0.01)
(0.0805 0.0165004 0)
(0.081 0.0165004 -0.01)
(0.081 0.0165004 0)
(0.0805 0.0170021 -0.01)
(0.0805 0.0170021 0)
(0.081 0.0170021 -0.01)
(0.081 0.0170021 0)
(0.0775 0.0175077 -0.01)
(0.0775 0.0175077 0)
(0.078 0.0175078 -0.01)
(0.078 0.0175078 0)
(0.0785 0.0175078 -0.01)
(0.0785 0.0175078 0)
(0.079 0.0175077 -0.01)
(0.079 0.0175077 0)
(0.0795 0.0175077 -0.01)
(0.0795 0.0175077 0)
(0.08 0.0175077 -0.01)
(0.08 0.0175077 0)
(0.0805 0.0175077 -0.01)
(0.0805 0.0175077 0)
(0.081 0.0175077 -0.01)
(0.081 0.0175077 0)
(0.0815 0.0154999 -0.01)
(0.0815 0.0154999 0)
(0.082 0.0154999 -0.01)
(0.082 0.0154999 0)
(0.0815 0.0160001 -0.01)
(0.0815 0.0160001 0)
(0.082 0.0160001 -0.01)
(0.082 0.0160001 0)
(0.0825 0.0154999 -0.01)
(0.0825 0.0154999 0)
(0.083 0.0154999 -0.01)
(0.083 0.0154999 0)
(0.0825 0.0160001 -0.01)
(0.0825 0.0160001 0)
(0.083 0.0160001 -0.01)
(0.083 0.0160001 0)
(0.0815 0.0165004 -0.01)
(0.0815 0.0165004 0)
(0.082 0.0165004 -0.01)
(0.082 0.0165004 0)
(0.0815 0.0170021 -0.01)
(0.0815 0.0170021 0)
(0.082 0.0170021 -0.01)
(0.082 0.0170021 0)
(0.0825 0.0165004 -0.01)
(0.0825 0.0165004 0)
(0.083 0.0165004 -0.01)
(0.083 0.0165004 0)
(0.0825 0.0170021 -0.01)
(0.0825 0.0170021 0)
(0.083 0.0170021 -0.01)
(0.083 0.0170021 0)
(0.0835 0.0154999 -0.01)
(0.0835 0.0154999 0)
(0.084 0.0154999 -0.01)
(0.084 0.0154999 0)
(0.0835 0.0160001 -0.01)
(0.0835 0.0160001 0)
(0.084 0.0160001 -0.01)
(0.084 0.0160001 0)
(0.0845 0.0154999 -0.01)
(0.0845 0.0154999 0)
(0.085 0.0154999 -0.01)
(0.085 0.0154999 0)
(0.0845 0.0160001 -0.01)
(0.0845 0.0160001 0)
(0.085 0.0160001 -0.01)
(0.085 0.0160001 0)
(0.0835 0.0165004 -0.01)
(0.0835 0.0165004 0)
(0.084 0.0165004 -0.01)
(0.084 0.0165004 0)
(0.0835 0.0170021 -0.01)
(0.0835 0.0170021 0)
(0.084 0.0170021 -0.01)
(0.084 0.0170021 0)
(0.0845 0.0165004 -0.01)
(0.0845 0.0165004 0)
(0.085 0.0165004 -0.01)
(0.085 0.0165004 0)
(0.0845 0.0170021 -0.01)
(0.0845 0.0170021 0)
(0.085 0.0170021 -0.01)
(0.085 0.0170021 0)
(0.0815 0.0175077 -0.01)
(0.0815 0.0175077 0)
(0.082 0.0175077 -0.01)
(0.082 0.0175077 0)
(0.0825 0.0175077 -0.01)
(0.0825 0.0175077 0)
(0.083 0.0175077 -0.01)
(0.083 0.0175077 0)
(0.0835 0.0175078 -0.01)
(0.0835 0.0175078 0)
(0.084 0.0175078 -0.01)
(0.084 0.0175078 0)
(0.0845 0.0175077 -0.01)
(0.0845 0.0175077 0)
(0.0527826 0.0086386 -0.01)
(0.0527826 0.0086386 0)
(0.0525163 0.00899935 -0.01)
(0.0525163 0.00899935 0)
(0.0530204 0.00891699 -0.01)
(0.0530204 0.00891699 0)
(0.0495205 0.00946004 -0.01)
(0.0495205 0.00946004 0)
(0.0500262 0.00945105 -0.01)
(0.0500262 0.00945105 0)
(0.0495095 0.00998059 -0.01)
(0.0495095 0.00998059 0)
(0.0500128 0.00997417 -0.01)
(0.0500128 0.00997417 0)
(0.0505314 0.00944143 -0.01)
(0.0505314 0.00944143 0)
(0.0510359 0.00943518 -0.01)
(0.0510359 0.00943518 0)
(0.0505161 0.00996714 -0.01)
(0.0505161 0.00996714 0)
(0.0510188 0.00996106 -0.01)
(0.0510188 0.00996106 0)
(0.0495034 0.0104928 -0.01)
(0.0495034 0.0104928 0)
(0.0500049 0.0104898 -0.01)
(0.0500049 0.0104898 0)
(0.049501 0.0109979 -0.01)
(0.049501 0.0109979 0)
(0.0500015 0.0109968 -0.01)
(0.0500015 0.0109968 0)
(0.0505064 0.0104861 -0.01)
(0.0505064 0.0104861 0)
(0.0510079 0.0104824 -0.01)
(0.0510079 0.0104824 0)
(0.050502 0.0109955 -0.01)
(0.050502 0.0109955 0)
(0.0510027 0.0109939 -0.01)
(0.0510027 0.0109939 0)
(0.0515382 0.00943883 -0.01)
(0.0515382 0.00943883 0)
(0.0520356 0.00944539 -0.01)
(0.0520356 0.00944539 0)
(0.0515211 0.00995695 -0.01)
(0.0515211 0.00995695 0)
(0.0520234 0.00995264 -0.01)
(0.0520234 0.00995264 0)
(0.0525325 0.00944173 -0.01)
(0.0525325 0.00944173 0)
(0.0530414 0.00943008 -0.01)
(0.0530414 0.00943008 0)
(0.0525274 0.00994497 -0.01)
(0.0525274 0.00994497 0)
(0.0530349 0.00993606 -0.01)
(0.0530349 0.00993606 0)
(0.0515096 0.0104785 -0.01)
(0.0515096 0.0104785 0)
(0.052012 0.0104737 -0.01)
(0.052012 0.0104737 0)
(0.0515035 0.0109919 -0.01)
(0.0515035 0.0109919 0)
(0.0520048 0.0109892 -0.01)
(0.0520048 0.0109892 0)
(0.0525158 0.0104668 -0.01)
(0.0525158 0.0104668 0)
(0.053021 0.0104581 -0.01)
(0.053021 0.0104581 0)
(0.0525069 0.0109853 -0.01)
(0.0525069 0.0109853 0)
(0.0530097 0.0109799 -0.01)
(0.0530097 0.0109799 0)
(0.0455 0.0115 -0.01)
(0.0455 0.0115 0)
(0.046 0.0115 -0.01)
(0.046 0.0115 0)
(0.0455 0.012 -0.01)
(0.0455 0.012 0)
(0.046 0.012 -0.01)
(0.046 0.012 0)
(0.0465 0.0115 -0.01)
(0.0465 0.0115 0)
(0.047 0.0115 -0.01)
(0.047 0.0115 0)
(0.0465 0.012 -0.01)
(0.0465 0.012 0)
(0.047 0.012 -0.01)
(0.047 0.012 0)
(0.0455 0.0125 -0.01)
(0.0455 0.0125 0)
(0.046 0.0125 -0.01)
(0.046 0.0125 0)
(0.0455 0.013 -0.01)
(0.0455 0.013 0)
(0.046 0.013 -0.01)
(0.046 0.013 0)
(0.0465 0.0125 -0.01)
(0.0465 0.0125 0)
(0.047 0.0125 -0.01)
(0.047 0.0125 0)
(0.0465 0.013 -0.01)
(0.0465 0.013 0)
(0.047 0.013 -0.01)
(0.047 0.013 0)
(0.0475 0.0115 -0.01)
(0.0475 0.0115 0)
(0.048 0.0114999 -0.01)
(0.048 0.0114999 0)
(0.0475 0.012 -0.01)
(0.0475 0.012 0)
(0.048 0.012 -0.01)
(0.048 0.012 0)
(0.0485001 0.0114999 -0.01)
(0.0485001 0.0114999 0)
(0.0490001 0.0114997 -0.01)
(0.0490001 0.0114997 0)
(0.0485 0.012 -0.01)
(0.0485 0.012 0)
(0.049 0.012 -0.01)
(0.049 0.012 0)
(0.0475 0.0125 -0.01)
(0.0475 0.0125 0)
(0.048 0.0125 -0.01)
(0.048 0.0125 0)
(0.0475 0.013 -0.01)
(0.0475 0.013 0)
(0.048 0.013 -0.01)
(0.048 0.013 0)
(0.0485 0.0125 -0.01)
(0.0485 0.0125 0)
(0.049 0.0125 -0.01)
(0.049 0.0125 0)
(0.0485 0.013 -0.01)
(0.0485 0.013 0)
(0.049 0.013 -0.01)
(0.049 0.013 0)
(0.0455 0.0135 -0.01)
(0.0455 0.0135 0)
(0.046 0.0135 -0.01)
(0.046 0.0135 0)
(0.0455 0.014 -0.01)
(0.0455 0.014 0)
(0.046 0.014 -0.01)
(0.046 0.014 0)
(0.0465 0.0135 -0.01)
(0.0465 0.0135 0)
(0.047 0.0135 -0.01)
(0.047 0.0135 0)
(0.0465 0.014 -0.01)
(0.0465 0.014 0)
(0.047 0.014 -0.01)
(0.047 0.014 0)
(0.0455 0.0145 -0.01)
(0.0455 0.0145 0)
(0.046 0.0145 -0.01)
(0.046 0.0145 0)
(0.0455 0.015 -0.01)
(0.0455 0.015 0)
(0.046 0.015 -0.01)
(0.046 0.015 0)
(0.0465 0.0145 -0.01)
(0.0465 0.0145 0)
(0.047 0.0145 -0.01)
(0.047 0.0145 0)
(0.0465 0.015 -0.01)
(0.0465 0.015 0)
(0.047 0.015 -0.01)
(0.047 0.015 0)
(0.0475 0.0135 -0.01)
(0.0475 0.0135 0)
(0.048 0.0135 -0.01)
(0.048 0.0135 0)
(0.0475 0.014 -0.01)
(0.0475 0.014 0)
(0.048 0.014 -0.01)
(0.048 0.014 0)
(0.0485 0.0135 -0.01)
(0.0485 0.0135 0)
(0.049 0.0135 -0.01)
(0.049 0.0135 0)
(0.0485 0.014 -0.01)
(0.0485 0.014 0)
(0.049 0.014 -0.01)
(0.049 0.014 0)
(0.0475 0.0145 -0.01)
(0.0475 0.0145 0)
(0.048 0.0145 -0.01)
(0.048 0.0145 0)
(0.0475 0.015 -0.01)
(0.0475 0.015 0)
(0.048 0.015 -0.01)
(0.048 0.015 0)
(0.0485 0.0145 -0.01)
(0.0485 0.0145 0)
(0.049 0.0145 -0.01)
(0.049 0.0145 0)
(0.0485 0.015 -0.01)
(0.0485 0.015 0)
(0.049 0.015 -0.01)
(0.049 0.015 0)
(0.0495002 0.0114995 -0.01)
(0.0495002 0.0114995 0)
(0.0355 0.0155 -0.01)
(0.0355 0.0155 0)
(0.036 0.0155 -0.01)
(0.036 0.0155 0)
(0.0355 0.016 -0.01)
(0.0355 0.016 0)
(0.036 0.016 -0.01)
(0.036 0.016 0)
(0.0365 0.0155 -0.01)
(0.0365 0.0155 0)
(0.037 0.0155 -0.01)
(0.037 0.0155 0)
(0.0365 0.016 -0.01)
(0.0365 0.016 0)
(0.037 0.016 -0.01)
(0.037 0.016 0)
(0.0355 0.0165 -0.01)
(0.0355 0.0165 0)
(0.036 0.0165 -0.01)
(0.036 0.0165 0)
(0.0355 0.017 -0.01)
(0.0355 0.017 0)
(0.036 0.017 -0.01)
(0.036 0.017 0)
(0.0365 0.0165 -0.01)
(0.0365 0.0165 0)
(0.037 0.0165 -0.01)
(0.037 0.0165 0)
(0.0365 0.017 -0.01)
(0.0365 0.017 0)
(0.037 0.017 -0.01)
(0.037 0.017 0)
(0.0355 0.0175 -0.01)
(0.0355 0.0175 0)
(0.036 0.0175 -0.01)
(0.036 0.0175 0)
(0.0365 0.0175 -0.01)
(0.0365 0.0175 0)
(0.037 0.0175 -0.01)
(0.037 0.0175 0)
(0.085 0.0175077 -0.01)
(0.085 0.0175077 0)
(0.0855001 0.0154999 -0.01)
(0.0855001 0.0154999 0)
(0.0860005 0.0154999 -0.01)
(0.0860005 0.0154999 0)
(0.0855001 0.0160001 -0.01)
(0.0855001 0.0160001 0)
(0.0860005 0.0160001 -0.01)
(0.0860005 0.0160001 0)
(0.0865023 0.0154999 -0.01)
(0.0865023 0.0154999 0)
(0.0870086 0.0154999 -0.01)
(0.0870086 0.0154999 0)
(0.0865023 0.0160001 -0.01)
(0.0865023 0.0160001 0)
(0.0870086 0.0160001 -0.01)
(0.0870086 0.0160001 0)
(0.0855001 0.0165004 -0.01)
(0.0855001 0.0165004 0)
(0.0500003 0.0114992 -0.01)
(0.0500003 0.0114992 0)
(0.0495 0.0119999 -0.01)
(0.0495 0.0119999 0)
(0.0500001 0.0119999 -0.01)
(0.0500001 0.0119999 0)
(0.0505005 0.0114988 -0.01)
(0.0505005 0.0114988 0)
(0.0510007 0.0114983 -0.01)
(0.0510007 0.0114983 0)
(0.0505001 0.0119998 -0.01)
(0.0505001 0.0119998 0)
(0.0510001 0.0119997 -0.01)
(0.0510001 0.0119997 0)
(0.0495 0.0125 -0.01)
(0.0495 0.0125 0)
(0.05 0.0125 -0.01)
(0.05 0.0125 0)
(0.0495 0.013 -0.01)
(0.0495 0.013 0)
(0.05 0.013 -0.01)
(0.05 0.013 0)
(0.0505 0.0125 -0.01)
(0.0505 0.0125 0)
(0.051 0.0125 -0.01)
(0.051 0.0125 0)
(0.0505 0.013 -0.01)
(0.0505 0.013 0)
(0.051 0.013 -0.01)
(0.051 0.013 0)
(0.051501 0.0114977 -0.01)
(0.051501 0.0114977 0)
(0.0520015 0.0114966 -0.01)
(0.0520015 0.0114966 0)
(0.0515002 0.0119995 -0.01)
(0.0515002 0.0119995 0)
(0.0520004 0.0119992 -0.01)
(0.0520004 0.0119992 0)
(0.0525023 0.011495 -0.01)
(0.0525023 0.011495 0)
(0.0530035 0.0114926 -0.01)
(0.0530035 0.0114926 0)
(0.0525006 0.0119987 -0.01)
(0.0525006 0.0119987 0)
(0.053001 0.0119979 -0.01)
(0.053001 0.0119979 0)
(0.0515 0.0124999 -0.01)
(0.0515 0.0124999 0)
(0.0520001 0.0124998 -0.01)
(0.0520001 0.0124998 0)
(0.0515 0.013 -0.01)
(0.0515 0.013 0)
(0.052 0.013 -0.01)
(0.052 0.013 0)
(0.0525001 0.0124997 -0.01)
(0.0525001 0.0124997 0)
(0.0530002 0.0124995 -0.01)
(0.0530002 0.0124995 0)
(0.0525 0.013 -0.01)
(0.0525 0.013 0)
(0.053 0.0129999 -0.01)
(0.053 0.0129999 0)
(0.0495 0.0135 -0.01)
(0.0495 0.0135 0)
(0.05 0.0135 -0.01)
(0.05 0.0135 0)
(0.0495 0.014 -0.01)
(0.0495 0.014 0)
(0.05 0.014 -0.01)
(0.05 0.014 0)
(0.0505 0.0135 -0.01)
(0.0505 0.0135 0)
(0.051 0.0135 -0.01)
(0.051 0.0135 0)
(0.0505 0.014 -0.01)
(0.0505 0.014 0)
(0.051 0.014 -0.01)
(0.051 0.014 0)
(0.0495 0.0145 -0.01)
(0.0495 0.0145 0)
(0.05 0.0145001 -0.01)
(0.05 0.0145001 0)
(0.0495001 0.0150001 -0.01)
(0.0495001 0.0150001 0)
(0.0500002 0.0150003 -0.01)
(0.0500002 0.0150003 0)
(0.0505001 0.0145001 -0.01)
(0.0505001 0.0145001 0)
(0.0510001 0.0145002 -0.01)
(0.0510001 0.0145002 0)
(0.0505003 0.0150006 -0.01)
(0.0505003 0.0150006 0)
(0.0510004 0.015001 -0.01)
(0.0510004 0.015001 0)
(0.0515 0.0135 -0.01)
(0.0515 0.0135 0)
(0.052 0.0135 -0.01)
(0.052 0.0135 0)
(0.0515 0.014 -0.01)
(0.0515 0.014 0)
(0.052 0.014 -0.01)
(0.052 0.014 0)
(0.0525 0.0135 -0.01)
(0.0525 0.0135 0)
(0.053 0.0135 -0.01)
(0.053 0.0135 0)
(0.0525 0.014 -0.01)
(0.0525 0.014 0)
(0.053 0.014 -0.01)
(0.053 0.014 0)
(0.0515001 0.0145003 -0.01)
(0.0515001 0.0145003 0)
(0.0520001 0.0145003 -0.01)
(0.0520001 0.0145003 0)
(0.0515004 0.0150013 -0.01)
(0.0515004 0.0150013 0)
(0.0520003 0.0150015 -0.01)
(0.0520003 0.0150015 0)
(0.0525 0.0145003 -0.01)
(0.0525 0.0145003 0)
(0.053 0.0145002 -0.01)
(0.053 0.0145002 0)
(0.0525002 0.0150013 -0.01)
(0.0525002 0.0150013 0)
(0.0530001 0.015001 -0.01)
(0.0530001 0.015001 0)
(0.0535784 0.00902827 -0.01)
(0.0535784 0.00902827 0)
(0.0540138 0.00907889 -0.01)
(0.0540138 0.00907889 0)
(0.0543288 0.00908539 -0.01)
(0.0543288 0.00908539 0)
(0.0535563 0.00945102 -0.01)
(0.0535563 0.00945102 0)
(0.054045 0.00946172 -0.01)
(0.054045 0.00946172 0)
(0.0535431 0.00993117 -0.01)
(0.0535431 0.00993117 0)
(0.0540475 0.00992178 -0.01)
(0.0540475 0.00992178 0)
(0.054561 0.00937238 -0.01)
(0.054561 0.00937238 0)
(0.0551081 0.00949061 -0.01)
(0.0551081 0.00949061 0)
(0.0545564 0.00991031 -0.01)
(0.0545564 0.00991031 0)
(0.0550642 0.00993845 -0.01)
(0.0550642 0.00993845 0)
(0.0535269 0.0104485 -0.01)
(0.0535269 0.0104485 0)
(0.0540323 0.0104382 -0.01)
(0.0540323 0.0104382 0)
(0.053513 0.0109732 -0.01)
(0.053513 0.0109732 0)
(0.0540164 0.0109658 -0.01)
(0.0540164 0.0109658 0)
(0.0545371 0.010431 -0.01)
(0.0545371 0.010431 0)
(0.0550395 0.0104335 -0.01)
(0.0550395 0.0104335 0)
(0.0545193 0.0109592 -0.01)
(0.0545193 0.0109592 0)
(0.0550217 0.0109545 -0.01)
(0.0550217 0.0109545 0)
(0.0555607 0.0095657 -0.01)
(0.0555607 0.0095657 0)
(0.0559779 0.00961818 -0.01)
(0.0559779 0.00961818 0)
(0.055548 0.00997336 -0.01)
(0.055548 0.00997336 0)
(0.0560194 0.0099886 -0.01)
(0.0560194 0.0099886 0)
(0.0562863 0.00962535 -0.01)
(0.0562863 0.00962535 0)
(0.0565241 0.00990495 -0.01)
(0.0565241 0.00990495 0)
(0.0375 0.0155 -0.01)
(0.0375 0.0155 0)
(0.038 0.0155 -0.01)
(0.038 0.0155 0)
(0.0375 0.016 -0.01)
(0.0375 0.016 0)
(0.038 0.016 -0.01)
(0.038 0.016 0)
(0.0385 0.0155 -0.01)
(0.0385 0.0155 0)
(0.039 0.0155 -0.01)
(0.039 0.0155 0)
(0.0385 0.016 -0.01)
(0.0385 0.016 0)
(0.039 0.016 -0.01)
(0.039 0.016 0)
(0.0375 0.0165 -0.01)
(0.0375 0.0165 0)
(0.038 0.0165 -0.01)
(0.038 0.0165 0)
(0.0375 0.017 -0.01)
(0.0375 0.017 0)
(0.038 0.017 -0.01)
(0.038 0.017 0)
(0.0385 0.0165 -0.01)
(0.0385 0.0165 0)
(0.039 0.0165 -0.01)
(0.039 0.0165 0)
(0.0385 0.017 -0.01)
(0.0385 0.017 0)
(0.039 0.017 -0.01)
(0.039 0.017 0)
(0.0395 0.0155 -0.01)
(0.0395 0.0155 0)
(0.04 0.0155 -0.01)
(0.04 0.0155 0)
(0.0395 0.016 -0.01)
(0.0395 0.016 0)
(0.04 0.016 -0.01)
(0.04 0.016 0)
(0.0405 0.0155 -0.01)
(0.0405 0.0155 0)
(0.041 0.0155 -0.01)
(0.041 0.0155 0)
(0.0860005 0.0165004 -0.01)
(0.0860005 0.0165004 0)
(0.0855001 0.0170021 -0.01)
(0.0855001 0.0170021 0)
(0.0860005 0.0170021 -0.01)
(0.0860005 0.0170021 0)
(0.0865023 0.0165005 -0.01)
(0.0865023 0.0165005 0)
(0.0870087 0.0165006 -0.01)
(0.0870087 0.0165006 0)
(0.0865024 0.0170022 -0.01)
(0.0865024 0.0170022 0)
(0.0870089 0.0170026 -0.01)
(0.0870089 0.0170026 0)
(0.0875245 0.0154998 -0.01)
(0.0875245 0.0154998 0)
(0.0880525 0.0154995 -0.01)
(0.0880525 0.0154995 0)
(0.0875245 0.0160002 -0.01)
(0.0875245 0.0160002 0)
(0.0880525 0.0160004 -0.01)
(0.0880525 0.0160004 0)
(0.0885823 0.0154989 -0.01)
(0.0885823 0.0154989 0)
(0.0890892 0.0154979 -0.01)
(0.0890892 0.0154979 0)
(0.0885823 0.0160008 -0.01)
(0.0885823 0.0160008 0)
(0.0890892 0.0160015 -0.01)
(0.0890892 0.0160015 0)
(0.0875246 0.016501 -0.01)
(0.0875246 0.016501 0)
(0.0880527 0.0165018 -0.01)
(0.0880527 0.0165018 0)
(0.0875251 0.0170035 -0.01)
(0.0875251 0.0170035 0)
(0.0880534 0.0170054 -0.01)
(0.0880534 0.0170054 0)
(0.0885824 0.0165033 -0.01)
(0.0885824 0.0165033 0)
(0.0890891 0.0165059 -0.01)
(0.0890891 0.0165059 0)
(0.0885829 0.0170087 -0.01)
(0.0885829 0.0170087 0)
(0.0890893 0.0170136 -0.01)
(0.0890893 0.0170136 0)
(0.0855001 0.0175078 -0.01)
(0.0855001 0.0175078 0)
(0.0860007 0.0175078 -0.01)
(0.0860007 0.0175078 0)
(0.0865029 0.0175081 -0.01)
(0.0865029 0.0175081 0)
(0.0870099 0.0175089 -0.01)
(0.0870099 0.0175089 0)
(0.0875267 0.0175108 -0.01)
(0.0875267 0.0175108 0)
(0.0880555 0.0175145 -0.01)
(0.0880555 0.0175145 0)
(0.0885848 0.01752 -0.01)
(0.0885848 0.01752 0)
(0.0890903 0.0175273 -0.01)
(0.0890903 0.0175273 0)
(0.0895581 0.0154967 -0.01)
(0.0895581 0.0154967 0)
(0.0895581 0.0160024 -0.01)
(0.0895581 0.0160024 0)
(0.089558 0.0165089 -0.01)
(0.089558 0.0165089 0)
(0.089558 0.01702 -0.01)
(0.089558 0.01702 0)
(0.0895584 0.0175353 -0.01)
(0.0895584 0.0175353 0)
(0.0571518 0.00963629 -0.01)
(0.0571518 0.00963629 0)
(0.0575234 0.00974082 -0.01)
(0.0575234 0.00974082 0)
(0.0579267 0.00985426 -0.01)
(0.0579267 0.00985426 0)
(0.0583033 0.00996018 -0.01)
(0.0583033 0.00996018 0)
(0.0587014 0.0100722 -0.01)
(0.0587014 0.0100722 0)
(0.0590884 0.010181 -0.01)
(0.0590884 0.010181 0)
(0.0594762 0.0102901 -0.01)
(0.0594762 0.0102901 0)
(0.0598699 0.0104008 -0.01)
(0.0598699 0.0104008 0)
(0.0602469 0.0105069 -0.01)
(0.0602469 0.0105069 0)
(0.0606401 0.0106175 -0.01)
(0.0606401 0.0106175 0)
(0.0610155 0.0107231 -0.01)
(0.0610155 0.0107231 0)
(0.061408 0.0108335 -0.01)
(0.061408 0.0108335 0)
(0.0617978 0.0109431 -0.01)
(0.0617978 0.0109431 0)
(0.0622163 0.011 -0.01)
(0.0622163 0.011 0)
(0.0626501 0.011 -0.01)
(0.0626501 0.011 0)
(0.0630929 0.011 -0.01)
(0.0630929 0.011 0)
(0.0635581 0.011 -0.01)
(0.0635581 0.011 0)
(0.0640289 0.011 -0.01)
(0.0640289 0.011 0)
(0.064516 0.011 -0.01)
(0.064516 0.011 0)
(0.0650058 0.011 -0.01)
(0.0650058 0.011 0)
(0.0655028 0.011 -0.01)
(0.0655028 0.011 0)
(0.0660006 0.011 -0.01)
(0.0660006 0.011 0)
(0.0665002 0.011 -0.01)
(0.0665002 0.011 0)
(0.067 0.011 -0.01)
(0.067 0.011 0)
(0.0675 0.011 -0.01)
(0.0675 0.011 0)
(0.068 0.011 -0.01)
(0.068 0.011 0)
(0.0685 0.011 -0.01)
(0.0685 0.011 0)
(0.069 0.011 -0.01)
(0.069 0.011 0)
(0.0695 0.011 -0.01)
(0.0695 0.011 0)
(0.07 0.011 -0.01)
(0.07 0.011 0)
(0.0705 0.011 -0.01)
(0.0705 0.011 0)
(0.071 0.011 -0.01)
(0.071 0.011 0)
(0.0715 0.011 -0.01)
(0.0715 0.011 0)
(0.072 0.011 -0.01)
(0.072 0.011 0)
(0.0725 0.011 -0.01)
(0.0725 0.011 0)
(0.073 0.011 -0.01)
(0.073 0.011 0)
(0.0735 0.011 -0.01)
(0.0735 0.011 0)
(0.074 0.011 -0.01)
(0.074 0.011 0)
(0.0745 0.011 -0.01)
(0.0745 0.011 0)
(0.075 0.011 -0.01)
(0.075 0.011 0)
(0.0755 0.011 -0.01)
(0.0755 0.011 0)
(0.076 0.011 -0.01)
(0.076 0.011 0)
(0.0765 0.011 -0.01)
(0.0765 0.011 0)
(0.077 0.011 -0.01)
(0.077 0.011 0)
(0.0356937 0.00360052 -0.01)
(0.0356937 0.00360052 0)
(0.0360817 0.00370966 -0.01)
(0.0360817 0.00370966 0)
(0.0364697 0.0038188 -0.01)
(0.0364697 0.0038188 0)
(0.0368679 0.00393081 -0.01)
(0.0368679 0.00393081 0)
(0.0372446 0.00403677 -0.01)
(0.0372446 0.00403677 0)
(0.0775 0.011 -0.01)
(0.0775 0.011 0)
(0.078 0.011 -0.01)
(0.078 0.011 0)
(0.0785 0.011 -0.01)
(0.0785 0.011 0)
(0.079 0.011 -0.01)
(0.079 0.011 0)
(0.0376479 0.0041502 -0.01)
(0.0376479 0.0041502 0)
(0.0380195 0.00425474 -0.01)
(0.0380195 0.00425474 0)
(0.0384228 0.00436817 -0.01)
(0.0384228 0.00436817 0)
(0.0387995 0.00447413 -0.01)
(0.0387995 0.00447413 0)
(0.0391977 0.00458614 -0.01)
(0.0391977 0.00458614 0)
(0.0395857 0.00469528 -0.01)
(0.0395857 0.00469528 0)
(0.0399737 0.00480442 -0.01)
(0.0399737 0.00480442 0)
(0.040372 0.00491644 -0.01)
(0.040372 0.00491644 0)
(0.0407486 0.00502239 -0.01)
(0.0407486 0.00502239 0)
(0.0411519 0.00513583 -0.01)
(0.0411519 0.00513583 0)
(0.0415236 0.00524038 -0.01)
(0.0415236 0.00524038 0)
(0.0419271 0.00535386 -0.01)
(0.0419271 0.00535386 0)
(0.0423042 0.00545994 -0.01)
(0.0423042 0.00545994 0)
(0.0427039 0.00557237 -0.01)
(0.0427039 0.00557237 0)
(0.0430931 0.00568185 -0.01)
(0.0430931 0.00568185 0)
(0.0795 0.011 -0.01)
(0.0795 0.011 0)
(0.08 0.011 -0.01)
(0.08 0.011 0)
(0.0805 0.011 -0.01)
(0.0805 0.011 0)
(0.081 0.011 -0.01)
(0.081 0.011 0)
(0.0815 0.011 -0.01)
(0.0815 0.011 0)
(0.082 0.011 -0.01)
(0.082 0.011 0)
(0.0825 0.011 -0.01)
(0.0825 0.011 0)
(0.083 0.011 -0.01)
(0.083 0.011 0)
(0.0835 0.011 -0.01)
(0.0835 0.011 0)
(0.084 0.011 -0.01)
(0.084 0.011 0)
(0.0845005 0.011 -0.01)
(0.0845005 0.011 0)
(0.0850009 0.011 -0.01)
(0.0850009 0.011 0)
(0.0434871 0.00579267 -0.01)
(0.0434871 0.00579267 0)
(0.0438861 0.00590489 -0.01)
(0.0438861 0.00590489 0)
(0.0442771 0.00601489 -0.01)
(0.0442771 0.00601489 0)
(0.0446761 0.00612711 -0.01)
(0.0446761 0.00612711 0)
(0.0450701 0.00623794 -0.01)
(0.0450701 0.00623794 0)
(0.0855059 0.011 -0.01)
(0.0855059 0.011 0)
(0.0860105 0.011 -0.01)
(0.0860105 0.011 0)
(0.0865327 0.011 -0.01)
(0.0865327 0.011 0)
(0.0870439 0.011 -0.01)
(0.0870439 0.011 0)
(0.0875928 0.011 -0.01)
(0.0875928 0.011 0)
(0.0880891 0.011 -0.01)
(0.0880891 0.011 0)
(0.0886333 0.011 -0.01)
(0.0886333 0.011 0)
(0.089084 0.011 -0.01)
(0.089084 0.011 0)
(0.09 0.0114321 -0.01)
(0.09 0.0114321 0)
(0.0454593 0.00634741 -0.01)
(0.0454593 0.00634741 0)
(0.045859 0.00645985 -0.01)
(0.045859 0.00645985 0)
(0.0462361 0.00656592 -0.01)
(0.0462361 0.00656592 0)
(0.0466396 0.00667941 -0.01)
(0.0466396 0.00667941 0)
(0.0470113 0.00678395 -0.01)
(0.0470113 0.00678395 0)
(0.0474146 0.00689739 -0.01)
(0.0474146 0.00689739 0)
(0.0477912 0.00700334 -0.01)
(0.0477912 0.00700334 0)
(0.0481895 0.00711536 -0.01)
(0.0481895 0.00711536 0)
(0.0485775 0.0072245 -0.01)
(0.0485775 0.0072245 0)
(0.0489655 0.00733364 -0.01)
(0.0489655 0.00733364 0)
(0.0493637 0.00744566 -0.01)
(0.0493637 0.00744566 0)
(0.0497404 0.00755161 -0.01)
(0.0497404 0.00755161 0)
(0.0501437 0.00766504 -0.01)
(0.0501437 0.00766504 0)
(0.0505153 0.00776958 -0.01)
(0.0505153 0.00776958 0)
(0.0509186 0.00788301 -0.01)
(0.0509186 0.00788301 0)
(0.0512953 0.00798897 -0.01)
(0.0512953 0.00798897 0)
(0.0516935 0.00810098 -0.01)
(0.0516935 0.00810098 0)
(0.0520815 0.00821012 -0.01)
(0.0520815 0.00821012 0)
(0.0524695 0.00831926 -0.01)
(0.0524695 0.00831926 0)
(0.0528678 0.00843128 -0.01)
(0.0528678 0.00843128 0)
(0.0532445 0.00853723 -0.01)
(0.0532445 0.00853723 0)
(0.0536477 0.00865067 -0.01)
(0.0536477 0.00865067 0)
(0.0540194 0.0087552 -0.01)
(0.0540194 0.0087552 0)
(0.0544227 0.00886864 -0.01)
(0.0544227 0.00886864 0)
(0.0547993 0.00897459 -0.01)
(0.0547993 0.00897459 0)
(0.0551976 0.0090866 -0.01)
(0.0551976 0.0090866 0)
(0.0555856 0.00919574 -0.01)
(0.0555856 0.00919574 0)
(0.0559736 0.00930488 -0.01)
(0.0559736 0.00930488 0)
(0.0563718 0.0094169 -0.01)
(0.0563718 0.0094169 0)
(0.0567485 0.00952285 -0.01)
(0.0567485 0.00952285 0)
(0.0895679 0.011 -0.01)
(0.0895679 0.011 0)
(0.09 0.0119135 -0.01)
(0.09 0.0119135 0)
(0.09 0.0123667 -0.01)
(0.09 0.0123667 0)
(0.09 0.0129073 -0.01)
(0.09 0.0129073 0)
(0.09 0.0134072 -0.01)
(0.09 0.0134072 0)
(0.09 0.0139533 -0.01)
(0.09 0.0139533 0)
(0.09 0.0144673 -0.01)
(0.09 0.0144673 0)
(0.09 0.0149886 -0.01)
(0.09 0.0149886 0)
(0.09 0.0154952 -0.01)
(0.09 0.0154952 0)
(0.09 0.0160038 -0.01)
(0.09 0.0160038 0)
(0.09 0.0165097 -0.01)
(0.09 0.0165097 0)
(0.09 0.0170281 -0.01)
(0.09 0.0170281 0)
(0.09 0.0175391 -0.01)
(0.09 0.0175391 0)
(0.09 0.011 -0.01)
(0.09 0.011 0)
)


// ************************************************************************* //
