/*--------------------------------*- C++ -*----------------------------------*\
| =========                 |                                                 |
| \\      /  F ield         | OpenFOAM: The Open Source CFD Toolbox           |
|  \\    /   O peration     | Version:  2306                                  |
|   \\  /    A nd           | Website:  www.openfoam.com                      |
|    \\/     M anipulation  |                                                 |
\*---------------------------------------------------------------------------*/
FoamFile
{
    version     2.0;
    format      ascii;
    arch        "LSB;label=32;scalar=64";
    class       labelList;
    location    "constant/polyMesh";
    object      faceProcAddressing;
}
// * * * * * * * * * * * * * * * * * * * * * * * * * * * * * * * * * * * * * //


9555
(
1
2
3
4
5
6
7
8
9
10
11
12
13
14
15
16
17
18
19
20
21
22
23
24
25
26
27
28
29
30
31
32
33
34
35
36
37
38
39
40
41
42
43
44
45
46
47
48
49
50
51
52
53
54
55
56
57
58
59
60
61
62
63
64
65
66
67
68
69
70
72
1122
1123
1124
1125
1126
1127
1128
1129
1130
1131
1132
1133
1134
1135
1136
1137
1138
1139
1140
1141
1142
1143
1144
1145
1146
1147
1148
1149
1150
1151
1152
1153
1154
1155
1156
1157
1158
1159
1160
1161
1162
1163
1164
1165
1166
1167
1168
1169
1170
1171
1172
1173
1174
1175
1176
1177
1178
1179
1180
1181
1182
1183
1184
1185
1186
1187
1188
1189
1190
1191
1192
1193
1194
1195
1196
1197
1198
1199
1200
1201
1202
1203
1204
1205
1206
1207
1208
1209
1210
1211
1212
1213
1214
1215
1216
1217
1218
1219
1220
1221
1222
1223
1224
1225
1226
1227
1228
1229
1230
1231
1232
1233
1234
1235
1236
1237
1238
1239
1240
1241
1242
1243
1244
1245
1246
1247
1248
1249
1250
1251
1252
1253
1254
1255
1256
1257
1258
1259
1260
1261
1262
1263
1264
1265
1266
1267
1268
1269
1270
1271
1272
1273
1274
1275
1276
1277
1278
1279
1280
1281
1282
1283
1284
1285
1286
1287
1288
1289
1290
1291
1292
1293
1294
1295
1296
1297
1298
1299
1300
1301
1302
1303
1304
1305
1306
1307
1308
1309
1310
1311
1312
1313
1314
1315
1316
1317
1318
1319
1320
1321
1322
1323
1324
1325
1326
1327
1328
1329
1330
1331
1332
1333
1334
1335
1336
1337
1338
1339
1340
1341
1342
1343
1344
1345
1346
1347
1348
1349
1350
1351
1352
1353
1354
1355
1356
1357
1358
1359
1360
1361
1362
1363
1364
1365
1366
1367
1369
1370
7998
7999
8001
8002
8018
8019
8020
8021
8022
8023
8024
8025
8026
8027
8028
8029
8030
8031
8032
8034
8042
8043
8045
8046
8054
8055
8056
8057
8058
8059
8060
8061
8062
8063
8064
8065
8066
8067
8068
8069
8070
8071
8072
8073
8074
8075
8076
8077
8078
8079
8080
8081
8082
8083
8084
8085
8086
8087
8088
8090
8106
8107
8108
8109
8110
8111
8113
8114
8130
8131
8132
8133
8134
8135
8136
8137
8138
8139
8140
8141
8142
8143
8144
8145
8146
8147
8148
8149
8150
8151
8152
8153
8154
8155
8156
8157
8158
8159
8160
8161
8162
8163
8164
8165
8166
8167
8168
8169
8170
8171
8172
8173
8174
8175
8176
8177
8178
8179
8180
8181
8182
8183
8184
8185
8186
8187
8188
8189
8190
8191
8192
8193
8194
8195
8196
8197
8198
8199
8200
8202
9306
9307
9308
9309
9310
9311
9313
9314
9330
9331
9332
9333
9334
9335
9336
9337
9338
9339
9340
9341
9342
9343
9344
9345
9346
9347
9348
9349
9350
9351
9352
9353
9354
9355
9356
9357
9358
9359
9360
9361
9362
9363
9364
9365
9366
9367
9368
9369
9370
9371
9372
9373
9374
9375
9376
9377
9378
9379
9380
9381
9382
9383
9384
9385
9386
9387
9388
9389
9390
9391
9392
9393
9394
9395
9396
9397
9398
9399
9400
9402
9418
9419
9420
9421
9422
9423
9425
9426
9443
9448
9449
9450
9451
9452
9453
9454
9455
9456
9457
9458
9459
9460
9461
9462
9463
9464
9465
9466
9467
9468
9469
9470
9471
9472
9473
9474
9475
9476
9477
9478
9479
9480
9481
9482
9483
9484
9485
9486
9487
9488
9489
9490
9491
9492
9493
9494
9495
9496
9497
9498
9499
9500
9501
9502
9503
9504
9505
9506
9507
9508
9509
9510
9512
9816
9817
9818
9819
9820
9821
9822
9823
9824
9825
9826
9827
9828
9829
9830
9831
9832
9833
9834
9835
9836
9837
9838
9839
9840
9841
9842
9843
9844
9845
9846
9847
9848
9849
9850
9851
9852
9853
9854
9855
9856
9857
9858
9859
9860
9861
9862
9863
9864
9865
9866
9867
9868
9869
9870
9871
9872
9873
9874
9875
9876
9877
9878
9880
9928
9929
9930
9931
9932
9933
9934
9935
9936
9937
9938
9939
9940
9941
9942
9943
9944
9945
9946
9947
9948
9949
9950
9951
9952
9953
9954
9955
9956
9957
9958
9959
9960
9961
9962
9963
9964
9965
9966
9967
9968
9969
9970
9971
9972
9973
9974
9975
9976
9977
9978
9979
9980
9981
9982
9983
9984
9985
9986
9987
9988
9989
9990
9992
10881
10882
10883
10884
10885
10886
10887
10888
10889
10890
10891
10892
10893
10894
10895
10896
10897
10898
10899
10900
10901
10902
10903
10904
10905
10906
10907
10908
10909
10910
10911
10912
10913
10914
10915
10916
10917
10918
10919
10920
10921
10922
10923
10924
10925
10926
10927
10928
10929
10930
10931
10932
10933
10934
10935
10936
10937
10938
10939
10940
10941
10942
10943
10945
10993
10994
10995
10996
10997
10998
10999
11000
11001
11002
11003
11004
11005
11006
11007
11008
11009
11010
11011
11012
11013
11014
11015
11016
11017
11018
11019
11020
11021
11022
11023
11024
11025
11026
11027
11028
11029
11030
11031
11032
11033
11034
11035
11036
11037
11038
11039
11040
11041
11042
11043
11044
11045
11046
11047
11048
11049
11050
11051
11052
11053
11054
11055
11057
11200
11201
11202
11203
11204
11205
11206
11207
11208
11209
11210
11211
11212
11213
11214
11215
11216
11217
11218
11219
11220
11221
11222
11223
11224
11225
11226
11227
11228
11229
11230
11231
11232
11233
11234
11235
11236
11237
11238
11239
11240
11241
11242
11243
11244
11245
11246
11247
11248
11249
11250
11251
11252
11253
11254
11255
11256
11257
11258
11259
11260
11261
11262
11263
11264
11265
11266
11267
11268
11269
11270
11271
11272
11273
11274
11275
11276
11277
11278
11279
11280
11281
11282
11283
11284
11285
11286
11287
11288
11289
11290
11291
11292
11293
11294
11295
11296
11297
11298
11299
11300
11301
11302
11303
11304
11305
11306
11307
11308
11309
11310
11311
11312
11313
11314
11315
11316
11317
11318
11319
11320
11321
11322
11323
11324
11325
11326
11327
11328
11329
11330
11331
11332
11333
11334
11335
11336
11337
11338
11339
11340
11341
11342
11343
11344
11345
11346
11347
11348
11349
11350
11351
11352
11353
11354
11355
11356
11357
11358
11359
11360
11361
11362
11363
11364
11365
11366
11367
11368
11369
11370
11371
11372
11373
11374
11375
11376
11377
11379
12665
12666
12667
12668
12669
12670
12671
12673
12677
12678
12679
12680
12681
12682
12683
12684
12685
12686
12687
12688
12689
12690
12691
12692
12693
12694
12695
12696
12697
12698
12699
12700
12701
12702
12703
12704
12705
12706
12707
12708
12709
12710
12711
12712
12713
12714
12715
12717
12721
12722
12723
12724
12725
12726
12727
12729
12733
12734
12735
12736
12737
12738
12739
12740
12741
12742
12743
12744
12745
12746
12747
12748
12749
12750
12751
12752
12753
12754
12755
12756
12757
12758
12759
12760
12761
12762
12763
12764
12765
12766
12767
12768
12769
12770
12771
12772
12773
12774
12775
12776
12777
12778
12779
12780
12781
12782
12783
12784
12785
12786
12787
12788
12789
12790
12791
12792
12793
12794
12795
12796
12797
12798
12799
12800
12801
12802
12803
12804
12805
12806
12807
12808
12809
12810
12811
12812
12813
12814
12815
12816
12817
12818
12819
12820
12821
12822
12823
12824
12825
12826
12827
12828
12829
12830
12831
12832
12833
12834
12835
12836
12837
12838
12839
12840
12841
12842
12843
12844
12845
12846
12847
12848
12849
12850
12851
12852
12853
12854
12855
12856
12857
12858
12859
12860
12861
12862
12863
12864
12865
12866
12867
12868
12869
12870
12871
12872
12873
12874
12875
12876
12877
12878
12879
12880
12881
12882
12883
12884
12885
12886
12887
12888
12889
12890
12891
12892
12893
12894
12895
12896
12897
12898
12899
12901
12905
12906
12907
12908
12909
12910
12911
12913
12917
12918
12919
12920
12921
12922
12923
12924
12925
12926
12927
12928
12929
12930
12931
12932
12933
12934
12935
12936
12937
12938
12939
12940
12941
12942
12943
12944
12945
12946
12947
12948
12949
12950
12951
12952
12953
12954
12955
12957
12961
12962
12963
12964
12965
12966
12967
12969
12973
12974
12975
12976
12977
12978
12979
12980
12981
12982
12983
12984
12985
12986
12987
12988
12989
12990
12991
12992
12993
12994
12995
12996
12997
12998
12999
13000
13001
13002
13003
13004
13005
13006
13007
13008
13009
13010
13011
13012
13013
13014
13015
13016
13017
13018
13019
13020
13021
13022
13023
13024
13025
13026
13027
13028
13029
13030
13031
13032
13033
13034
13035
13036
13037
13038
13039
13040
13041
13042
13043
13044
13045
13046
13047
13048
13049
13050
13051
13052
13053
13054
13055
13056
13057
13058
13059
13060
13061
13062
13063
13064
13065
13066
13067
13068
13069
13070
13071
13072
13073
13074
13075
13076
13077
13078
13079
13080
13081
13082
13083
13084
13085
13086
13087
13088
13089
13090
13091
13092
13093
13094
13095
13096
13097
13098
13099
13100
13101
13102
13103
13104
13105
13106
13107
13108
13109
13110
13111
13112
13113
13114
13115
13116
13117
13118
13119
13120
13121
13122
13123
13124
13125
13126
13127
13128
13129
13130
13131
13132
13133
13134
13135
13136
13137
13138
13139
13141
13238
13240
13241
13243
13244
13252
13253
13254
13255
13256
13257
13258
13259
13260
13261
13262
13263
13264
13265
13266
13267
13268
13269
13270
13271
13272
13273
13274
13275
13276
13277
13278
13279
13280
13281
13282
13283
13284
13285
13286
13288
13295
13296
13297
13298
13299
13300
13301
13302
13303
13304
13305
13306
13307
13308
13309
13310
13311
13312
13313
13314
13315
13316
13317
13318
13319
13320
13321
13322
13323
13324
13325
13326
13327
13328
13329
13330
13331
13332
13333
13334
13335
13336
13337
13338
13339
13340
13341
13342
13343
13344
13345
13346
13347
13348
13349
13350
13351
13352
13353
13354
13355
13356
13357
13358
13359
13360
13361
13362
13363
13364
13365
13366
13367
13368
13369
13370
13371
13372
13373
13374
13375
13376
13377
13378
13379
13380
13381
13382
13383
13384
13385
13386
13387
13388
13389
13390
13391
13392
13393
13394
13395
13396
13397
13398
13399
13400
13401
13402
13403
13404
13405
13406
13407
13408
13409
13410
13411
13412
13413
13414
13415
13416
13417
13418
13419
13420
13421
13422
13423
13424
13425
13426
13427
13428
13429
13430
13431
13432
13433
13434
13435
13436
13437
13438
13439
13440
13441
13442
13443
13444
13445
13446
13447
13448
13449
13450
13451
13452
13453
13454
13455
13456
13457
13458
13459
13460
13461
13462
13463
13464
13465
13466
13467
13468
13469
13470
13471
13472
13473
13474
13475
13476
13477
13478
13479
13480
13481
13482
13483
13484
13485
13486
13487
13488
13489
13490
13491
13492
13493
13494
13495
13496
13497
13498
13499
13500
13501
13502
13503
13504
13505
13506
13507
13508
13509
13510
13511
13512
13513
13514
13515
13516
13517
13518
13519
13520
13521
13522
13523
13524
13525
13526
13527
13528
13529
13530
13531
13532
13533
13534
13535
13536
13537
13538
13539
13540
13541
13542
13543
13544
13545
13546
13547
13548
13549
13550
13551
13552
13553
13554
13555
13556
13557
13558
13559
13560
13561
13562
13563
13564
13565
13566
13567
13568
13569
13570
13571
13572
13573
13574
13575
13576
13577
13578
13579
13580
13581
13582
13583
13584
13585
13586
13587
13588
13589
13590
13591
13592
13593
13594
13595
13596
13597
13598
13599
13600
13601
13602
13603
13604
13605
13606
13607
13608
13609
13610
13611
13612
13613
13614
13615
13616
13617
13618
13619
13620
13621
13622
13623
13624
13625
13626
13627
13628
13629
13630
13631
13632
13633
13634
13635
13636
13637
13638
13639
13640
13641
13642
13643
13644
13645
13646
13647
13648
13649
13650
13651
13652
13653
13654
13655
13656
13657
13658
13659
13660
13661
13662
13663
13664
13665
13666
13667
13668
13669
13670
13671
13672
13673
13674
13675
13676
13677
13678
13679
13680
13681
13682
13683
13684
13685
13686
13687
13688
13689
13690
13691
13692
13693
13694
13695
13696
13697
13698
13699
13700
13701
13702
13703
13704
13705
13706
13707
13708
13709
13710
13711
13712
13713
13714
13715
13716
13717
13718
13719
13720
13721
13722
13723
13724
13725
13726
13727
13728
13729
13730
13731
13732
13733
13734
13735
13736
13737
13738
13739
13740
13741
13742
13743
13744
13745
13746
13747
13748
13749
13750
13751
13752
13753
13754
13755
13756
13757
13758
13759
13760
13761
13762
13763
13764
13765
13766
13767
13768
13769
13770
13771
13772
13773
13774
13775
13776
13777
13778
13779
13780
13781
13782
13783
13784
13785
13786
13787
13788
13789
13790
13791
13792
13793
13794
13795
13796
13797
13798
13799
13800
13801
13802
13803
13804
13805
13806
13807
13808
13809
13810
13811
13812
13813
13814
13815
13816
13817
13818
13819
13820
13821
13822
13823
13824
13825
13826
13827
13828
13829
13830
13831
13832
13833
13834
13835
13836
13837
13838
13839
13840
13841
13842
13843
13844
13845
13846
13847
13848
13849
13850
13851
13852
13853
13854
13855
13856
13857
13858
13859
13860
13861
13862
13863
13864
13865
13866
13867
13868
13869
13870
13871
13872
13873
13874
13875
13876
13877
13878
13879
13880
13881
13882
13883
13884
13885
13886
13887
13888
13889
13890
13891
13892
13893
13894
13895
13896
13897
13898
13899
13900
13901
13902
13903
13904
13905
13906
13907
13908
13909
13910
13911
13912
13913
13914
13915
13916
13917
13918
13919
13920
13921
13922
13923
13924
13925
13926
13927
13928
13929
13930
13931
13932
13933
13934
13935
13936
13937
13938
13939
13940
13941
13942
13943
13944
13945
13946
13947
13948
13949
13950
13951
13952
13953
13954
13955
13956
13957
13958
13959
13960
13961
13962
13963
13964
13965
13966
13967
13968
13969
13970
13971
13972
13973
13974
13975
13976
13977
13978
13979
13980
13981
13982
13983
13984
13985
13986
13987
13988
13989
13990
13991
13992
13993
13994
13995
13996
13997
13998
13999
14000
14001
14002
14003
14004
14005
14006
14007
14008
14009
14010
14011
14012
14013
14014
14015
14016
14017
14018
14019
14020
14021
14022
14023
14024
14025
14026
14027
14028
14029
14030
14031
14032
14033
14034
14035
14036
14037
14038
14039
14040
14041
14042
14043
14044
14045
14046
14047
14048
14049
14050
14051
14052
14053
14054
14055
14056
14057
14058
14059
14060
14061
14062
14063
14064
14065
14066
14067
14068
14069
14070
14071
14072
14073
14074
14075
14076
14077
14078
14079
14080
14081
14082
14083
14084
14085
14086
14087
14088
14089
14090
14091
14092
14093
14094
14095
14096
14097
14098
14099
14100
14101
14102
14103
14104
14105
14106
14107
14108
14109
14110
14111
14112
14113
14114
14115
14116
14117
14118
14119
14120
14121
14122
14123
14124
14125
14126
14127
14128
14129
14130
14131
14132
14133
14134
14135
14136
14137
14138
14139
14140
14141
14142
14143
14144
14145
14146
14147
14148
14149
14150
14151
14152
14153
14154
14155
14156
14157
14158
14159
14160
14161
14162
14163
14164
14165
14166
14167
14168
14169
14170
14171
14172
14173
14174
14175
14176
14177
14178
14179
14180
14181
14182
14183
14184
14185
14186
14187
14188
14189
14190
14191
14192
14193
14194
14195
14196
14197
14198
14199
14200
14201
14202
14203
14204
14205
14206
14207
14208
14209
14210
14211
14212
14213
14214
14215
14216
14217
14218
14219
14220
14221
14222
14223
14224
14225
14226
14227
14228
14229
14230
14231
14232
14233
14234
14235
14236
14237
14238
14239
14240
14241
14242
14243
14244
14245
14246
14247
14248
14249
14250
14251
14252
14253
14254
14255
14256
14257
14258
14259
14260
14261
14262
14263
14264
14265
14266
14267
14268
14269
14270
14271
14272
14273
14274
14275
14276
14277
14278
14279
14280
14281
14282
14283
14284
14285
14286
14287
14288
14289
14290
14291
14292
14293
14294
14295
14296
14297
14298
14299
14300
14301
14302
14303
14304
14305
14306
14307
14308
14309
14310
14311
14312
14313
14314
14315
14316
14317
14318
14319
14320
14321
14322
14323
14324
14325
14326
14327
14328
14329
14330
14331
14332
14333
14334
14335
14336
14337
14338
14339
14340
14341
14342
14343
14344
14345
14346
14347
14348
14349
14350
14351
14352
14353
14354
14355
14356
14357
14358
14359
14360
14361
14362
14363
14364
14365
14366
14367
14368
14369
14370
14371
14372
14373
14374
14375
14376
14377
14378
14379
14380
14381
14382
14383
14384
14385
14386
14387
14388
14389
14390
14391
14392
14393
14394
14395
14396
14397
14398
14399
14400
14401
14402
14403
14404
14405
14406
14407
14408
14409
14410
14411
14412
14413
14414
14415
14416
14417
14418
14419
14420
14421
14422
14423
14424
14425
14426
14427
14428
14429
14430
14431
14432
14433
14434
14435
14436
14437
14438
14439
14440
14441
14442
14443
14444
14445
14446
14447
14448
14449
14450
14451
14452
14453
14454
14455
14456
14457
14458
14459
14460
14461
14462
14463
14464
14465
14466
14467
14468
14469
14470
14471
14472
14473
14474
14475
14476
14477
14478
14479
14480
14481
14482
14483
14484
14485
14486
14487
14488
14489
14490
14491
14492
14493
14494
14495
14496
14497
14498
14499
14500
14501
14502
14503
14504
14505
14506
14507
14508
14509
14510
14511
14512
14513
14514
14515
14516
14517
14518
14519
14520
14521
14522
14523
14524
14525
14526
14527
14528
14529
14530
14531
14532
14533
14534
14535
14536
14537
14538
14539
14540
14541
14542
14543
14544
14545
14546
14547
14548
14549
14550
14551
14552
14553
14554
14555
14556
14557
14558
14559
14560
14561
14562
14563
14564
14565
14566
14567
14568
14569
14570
14571
14572
14573
14574
14575
14576
14577
14578
14579
14580
14581
14582
14583
14584
14585
14586
14587
14588
14589
14590
14591
14592
14593
14594
14595
14596
14597
14598
14599
14600
14601
14602
14603
14604
14605
14606
14607
14608
14609
14610
14611
14612
14613
14614
14615
14616
14617
14618
14619
14620
14621
14622
14623
14624
14625
14626
14627
14628
14629
14630
14631
14632
14633
14634
14635
14636
14637
14638
14639
14640
14641
14642
14643
14644
14645
14646
14647
14648
14649
14650
14651
14652
14653
14654
14655
14656
14657
14658
14659
14660
14661
14662
14663
14664
14665
14666
14667
14668
14669
14670
14671
14672
14673
14674
14675
14676
14677
14678
14679
14680
14681
14682
14683
14684
14685
14686
14687
14688
14689
14690
14691
14692
14693
14694
14695
14696
14697
14698
14699
14700
14701
14702
14703
14704
14705
14706
14707
14708
14709
14710
14711
14712
14713
14714
14715
14716
14717
14718
14719
14720
14721
14722
14723
14724
14725
14726
14727
14728
14729
14730
14731
14732
14733
14734
14735
14736
14737
14738
14739
14740
14741
14742
14743
14744
14745
14746
14747
14748
14749
14750
14751
14752
14753
14754
14755
14756
14757
14758
14759
14760
14761
14762
14763
14764
14765
14766
14767
14768
14769
14770
14771
14772
14773
14774
14775
14776
14777
14778
14779
14780
14781
14782
14783
14784
14785
14786
14787
14788
14789
14790
14791
14792
14793
14794
14795
14796
14797
14798
14799
14800
14801
14802
14803
14804
14805
14806
14807
14808
14809
14810
14811
14812
14813
14814
14815
14816
14817
14818
14819
14820
14821
14822
14823
14824
14825
14826
14827
14828
14829
14830
14831
14832
14833
14834
14835
14836
14837
14838
14839
14840
14841
14842
14843
14844
14845
14846
14847
14848
14849
14850
14851
14852
14853
14854
14855
14856
14857
14858
14859
14860
14861
14862
14863
14864
14865
14866
14867
14868
14869
14870
14871
14872
14873
14874
14875
14876
14877
14878
14879
14880
14881
14882
14883
14884
14885
14886
14887
14888
14889
14890
14891
14892
14893
14894
14895
14896
14897
14898
14899
14900
14901
14902
14903
14904
14905
14906
14907
14908
14909
14910
14911
14912
14913
14914
14915
14916
14917
14918
14919
14920
14921
14922
14923
14924
14925
14926
14927
14928
14929
14930
14931
14932
14933
14934
14935
14936
14937
14938
14939
14940
14941
14942
14943
14944
14945
14946
14947
14948
14949
14950
14951
14952
14953
14954
14955
14956
14957
14958
14959
14960
14961
14962
14963
14964
14965
14966
14967
14968
14969
14970
14971
14972
14973
14974
14975
14976
14977
14978
14979
14980
14981
14982
14983
14984
14985
14986
14987
14988
14989
14990
14991
14992
14993
14994
14995
14996
14997
14998
14999
15000
15001
15002
15003
15004
15005
15006
15007
15008
15009
15010
15011
15012
15013
15014
15015
15016
15017
15018
15019
15020
15021
15022
15023
15024
15025
15026
15027
15028
15029
15030
15031
15032
15033
15034
15035
15036
15037
15038
15039
15040
15041
15042
15043
15044
15045
15046
15047
15048
15049
15050
15051
15052
15053
15054
15055
15056
15057
15058
15059
15060
15061
15062
15063
15064
15065
15066
15067
15068
15069
15070
15071
15072
15073
15074
15075
15076
15077
15078
15079
15080
15081
15082
15083
15084
15085
15086
15087
15088
15089
15090
15091
15092
15093
15094
15095
15096
15097
15098
15099
15100
15101
15102
15103
15104
15105
15106
15107
15108
15109
15110
15111
15112
15113
15114
15115
15116
15117
15118
15119
15120
15121
15122
15123
15124
15125
15126
15127
15128
15129
15130
15131
15132
15133
15134
15135
15136
15137
15138
15139
15140
15141
15142
15143
15144
15145
15146
15147
15148
15149
15150
15151
15152
15153
15154
15155
15156
15157
15158
15159
15160
15161
15162
15163
15164
15165
15166
15167
15168
15169
15170
15171
15172
15173
15174
15175
15176
15177
15178
15179
15180
15181
15182
15183
15184
15185
15186
15187
15188
15189
15190
15191
15192
15193
15194
15195
15196
15197
15198
15199
15200
15201
15202
15203
15204
15205
15206
15207
15208
15209
15210
15211
15212
15213
15214
15215
15216
15217
15218
15219
15220
15221
15222
15223
15224
15225
15226
15227
15228
15229
15230
15231
15232
15233
15234
15235
15236
15237
15238
15239
15240
15241
15242
15243
15244
15245
15246
15247
15248
15249
15250
15251
15252
15253
15254
15255
15256
15257
15258
15259
15260
15261
15262
15263
15264
15265
15266
15267
15268
15269
15270
15271
15272
15273
15274
15275
15276
15277
15278
15279
15280
15281
15282
15283
15284
15285
15286
15287
15288
15289
15290
15291
15292
15293
15294
15295
15296
15297
15298
15299
15300
15301
15302
15303
15304
15305
15306
15307
15308
15309
15310
15311
15312
15313
15314
15315
15316
15317
15318
15319
15320
15321
15322
15323
15324
15325
15326
15327
15328
15329
15330
15331
15332
15333
15334
15335
15336
15337
15338
15339
15340
15341
15342
15343
15344
15345
15346
15347
15348
15349
15350
15351
15352
15353
15354
15355
15356
15357
15358
15359
15360
15361
15362
15363
15364
15365
15366
15367
15368
15369
15370
15371
15372
15373
15374
15375
15376
15377
15378
15379
15380
15381
15382
15383
15384
15385
15386
15387
15388
15389
15390
15391
15392
15393
15394
15395
15396
15397
15398
15399
15400
15401
15402
15403
15404
15405
15406
15407
15408
15409
15410
15411
15412
15413
15414
15415
15416
15417
15418
15419
15420
15421
15422
15423
15424
15425
15426
15427
15428
15429
15430
15431
15432
15433
15434
15435
15436
15437
15438
15439
15440
15441
15442
15443
15444
15445
15446
15447
15448
15449
15450
15451
15452
15453
15454
15455
15456
15457
15458
15459
15460
15461
15462
15463
15464
15465
15466
15467
15468
15469
15470
15471
15472
15473
15474
15475
15476
15477
15478
15479
15480
15481
15482
15483
15484
15485
15486
15487
15488
15489
15490
15491
15492
15493
15494
15495
15496
15497
15498
15499
15500
15501
15502
15503
15504
15505
15506
15507
15508
15509
15510
15511
15512
15513
15514
15515
15516
15517
15518
15519
15520
15521
15522
15523
15524
15525
15526
15527
15528
15529
15530
15531
15532
15533
15534
15535
15536
15537
15538
15539
15540
15541
15542
15543
15544
15545
15546
15547
15548
15549
15550
15551
15552
15553
15554
15555
15556
15557
15558
15559
15560
15561
15562
15563
15564
15565
15566
15567
15568
15569
15570
15571
15572
15573
15574
15575
15576
15577
15578
15579
15580
15581
15582
15583
15584
15585
15586
15587
15588
15589
15590
15591
15592
15593
15594
15595
15596
15597
15598
15599
15600
15601
15602
15603
15604
15605
15606
15607
15608
15609
15610
15611
15612
15613
15614
15615
15616
15617
15618
15619
15620
15621
15622
15623
15624
15625
15626
15627
15628
15629
15630
15631
15632
15633
15634
15635
15636
15637
15638
15639
15640
15641
15642
15643
15644
15645
15646
15647
15648
15649
15650
15651
15652
15653
15654
15655
15656
15657
15658
15659
15660
15661
15662
15663
15664
15665
15666
15667
15668
15669
15670
15671
15672
15673
15674
15675
15676
15677
15678
15679
15680
15681
15682
15683
15684
15685
15686
15687
15688
15689
15690
15691
15692
15693
15694
15695
15696
15697
15698
15699
15700
15701
15702
15703
15704
15705
15706
15707
15708
15709
15710
15711
15712
15713
15714
15715
15716
15717
15718
15719
15720
15721
15722
15723
15724
15725
15726
15727
15728
15729
15730
15731
15732
15733
15734
15735
15736
15737
15738
15739
15740
15741
15742
15743
15744
15745
15746
15747
15748
15749
15750
15751
15752
15753
15754
15755
15756
15757
15758
15759
15760
15761
15762
15763
15764
15765
15766
15767
15768
15769
15770
15771
15772
15773
15774
15775
15776
15777
15778
15779
15780
15781
15782
15783
15784
15785
15786
15787
15788
15789
15790
15791
15792
15793
15794
15795
15796
15797
15798
15799
15800
15801
15802
15803
15804
15805
15806
15807
15808
15809
15810
15811
15812
15813
15814
15815
15816
15817
15818
15819
15820
15821
15822
15823
15824
15825
15826
15827
15828
15829
15830
15831
15832
15833
15834
15835
15836
15837
15838
15839
15840
15841
15842
15843
15844
15845
15846
15847
15848
15849
15850
15851
15852
15853
15854
15855
15856
15857
15858
15859
15860
15861
15862
15863
15864
15865
15866
15867
15868
15869
15870
15871
15872
15873
15874
15875
15876
15877
15878
15879
15880
15881
15882
15883
15884
15885
15886
15887
15888
15889
15890
15891
15892
15893
15894
15895
15896
15897
15898
15899
15900
15901
15902
15903
15904
15905
15906
15907
15908
15909
15910
15911
15912
15913
15914
15915
15916
15917
15918
15919
15920
15921
15922
15923
15924
15925
15926
15927
15928
15929
15930
15931
15932
15933
15934
15935
15936
15937
15938
15939
15940
15941
15942
15943
15944
15945
15946
15947
15948
15949
15950
15951
15952
15953
15954
15955
15956
15957
15958
15959
15960
15961
15962
15963
15964
15965
15966
15967
15968
15969
15970
15971
15972
15973
15974
15975
15976
15977
15978
15979
15980
15981
15982
15983
15984
15985
15986
15987
15988
15989
15990
15991
15992
15993
15994
15995
15996
15997
15998
15999
16000
16001
16002
16003
16004
16005
16006
16007
16008
16009
16010
16011
16012
16013
16014
16015
16016
16017
16018
16019
16020
16021
16022
16023
16024
16025
16026
16027
16028
16029
16030
16031
16032
16033
16034
16035
16036
16037
16038
16039
16040
16041
16042
16043
16044
16045
16046
16047
16048
16049
16050
16051
16052
16053
16054
16055
16056
16057
16058
16059
16060
16061
16062
16063
16064
16065
16066
16067
16068
16069
16070
16071
16072
16073
16074
16075
16076
16077
16078
16079
16080
16081
16082
16083
16084
16085
16086
16087
16088
16089
16090
16091
16092
16093
16094
16095
16096
16097
16098
16099
16100
16101
16102
16103
16104
16105
16106
16107
16108
16109
16110
16111
16112
16113
16114
16115
16116
16117
16118
16119
16120
16121
16122
16123
16124
16125
16126
16127
16128
16129
16130
16131
16132
16133
16134
16135
16136
16137
16138
16139
16140
16141
16142
16143
16144
16145
16146
16147
16148
16149
16150
16151
16152
16153
16154
16155
16156
16157
16158
16159
16160
16161
16162
16163
16164
16165
16166
16167
16168
16169
16170
16171
16172
16173
16174
16175
16176
16177
16178
16179
16180
16181
16182
16183
16184
16185
16186
16187
16188
16189
16190
16191
16192
16193
16194
16195
16196
16197
16198
16199
16200
16201
16202
16203
16204
16205
16206
16207
16208
16209
16210
16211
16212
16213
16214
16215
16216
16217
16218
16219
16220
16221
16222
16223
16224
16225
16226
16227
16228
16229
16230
16231
16232
16233
16234
16235
16236
16237
16238
16239
16240
16241
16242
16243
16244
16245
16246
16247
16248
16249
16250
16251
16252
16253
16254
16255
16256
16257
16258
16259
16260
16261
16262
16263
16264
16265
16266
16267
16268
16269
16270
16271
16272
16273
16274
16275
16276
16277
16278
16279
16280
16281
16282
16283
16284
16285
16286
16287
16288
16289
16290
16291
16292
16293
16294
16295
16296
16297
16298
16299
16300
16301
16302
16303
16304
16305
16306
16307
16308
16309
16310
16311
16312
16313
16314
16315
16316
16317
16318
16319
16320
16321
16322
16323
16324
16325
16326
16327
16328
16329
16330
16331
16332
16333
16334
16335
16336
16337
16338
16339
16340
16341
16342
16343
16344
16370
16371
16372
16373
16374
16375
16376
16377
16378
16379
16380
16381
16382
16383
16384
16385
16386
16387
16388
16389
16390
16391
16392
16393
16394
16395
16396
16397
16398
16399
16400
16401
16402
16403
16404
16405
16406
16407
16408
16409
16410
16411
16412
16413
16414
16415
16416
16417
16418
16419
16420
16421
16422
16423
16424
16425
16426
16427
16428
16429
16430
16431
16432
16433
16434
16435
16436
16437
16438
16439
16440
16441
16442
16443
16444
16445
16446
16447
16448
16449
16450
16451
16452
16453
16454
16455
16456
16457
16458
16459
16460
16461
16462
16463
16489
16873
16874
16875
16876
16877
16878
16879
16880
16881
16882
16883
16884
16885
16886
16887
16888
16889
16890
16891
16892
16893
16894
16895
16896
16897
16898
16899
16900
16901
16902
16903
16904
16905
16906
16907
16908
16909
16910
16911
16912
16913
16914
16915
16916
16917
16918
16919
16920
17045
17046
17047
17048
17049
17050
17051
17052
17053
17054
17055
17056
17057
17058
17059
17060
17061
17062
17063
17064
17065
17066
17067
17068
17069
17070
17071
17072
17073
17074
17075
17076
17077
17078
17079
17080
17081
17082
17083
17084
17085
17086
17087
17088
17089
17090
17091
17092
17093
17094
17095
17096
17097
17098
17099
17100
17101
17102
17103
17104
17105
17106
17506
17507
17508
17509
17510
17511
17512
17513
17514
17515
17516
17517
17518
17519
17520
17521
17522
17523
17524
17525
17526
17527
17528
17529
17530
17531
17532
17533
17534
17535
17536
17537
17538
17539
17540
17541
17542
17543
17544
17545
17546
17547
17548
17549
17550
17551
17552
17553
17679
17681
17684
17686
17689
17691
17694
17696
17699
17701
17704
17706
17709
17711
17713
17715
17717
17719
17721
17723
17725
17727
17729
17731
17733
17735
17737
17739
17741
17743
17745
17747
17749
17751
17753
17755
17757
17759
17761
17763
17765
17767
17769
17771
17774
17778
17782
17784
17787
17789
17792
17794
17797
17799
17801
17803
17805
17807
17809
17811
17813
17815
17817
17819
17821
17823
17825
17827
17829
17831
17833
17835
17837
17839
17841
17843
17846
17849
17852
17855
17856
17857
17858
17859
17860
17861
17862
17863
17864
17865
17866
17867
17868
17869
17870
17871
17872
17873
17874
17875
17876
17877
17878
17879
17880
17881
17882
17883
17884
17885
17886
17887
17888
17889
17890
17891
17892
17893
17894
17895
17896
17897
17898
17899
17900
17901
17902
17903
17904
17905
17906
17907
17908
17909
17910
17911
17912
17913
17914
17915
17916
17917
17918
17919
17921
17923
17925
17927
17929
17931
17934
17936
17939
17941
17944
17946
17949
17951
17953
17955
17957
17959
17961
17963
17965
17967
17969
17971
17973
17975
17977
17979
17980
17981
17982
17983
17984
17985
17986
17987
17988
17989
17990
17991
17992
17993
17994
17995
17996
17997
17998
17999
18000
18001
18002
18003
18004
18005
18006
18007
18008
18009
18010
18011
18012
18013
18014
18015
18016
18017
18018
18019
18020
18021
18022
18023
18024
18025
18026
18027
18028
18029
18030
18031
18032
18033
18034
18035
18036
18037
18038
18039
18041
18043
18045
18047
18049
18051
18053
18055
18057
18059
18061
18063
18065
18067
18069
18071
18073
18075
18077
18079
18081
18083
18085
18087
18089
18091
18093
18095
18097
18099
18101
18103
18105
18107
18109
18111
18113
18115
18117
18119
18121
18123
18125
18127
18129
18131
18133
18135
18137
18139
18141
18143
18145
18147
18149
18151
18153
18155
18157
18159
18161
18163
18165
18167
18169
18171
18173
18175
18177
18179
18181
18183
18185
18187
18189
18191
18193
18195
18197
18199
18201
18203
18205
18207
18209
18211
18213
18215
18217
18219
18221
18223
18225
18227
18229
18231
18233
18235
18237
18239
18241
18243
18245
18247
18249
18251
18253
18255
18257
18259
18261
18263
18265
18267
18269
18271
18273
18275
18277
18279
18281
18283
18285
18287
18289
18291
18293
18295
18297
18299
18301
18303
18305
18307
18309
18311
18313
18315
18317
18319
18321
18323
18325
18327
18329
18331
18333
18335
18337
18339
18341
18343
18345
18347
18349
18351
18353
18355
18358
18359
18360
18361
18362
18363
18364
18365
18366
18367
18368
18369
18370
18371
18372
18373
18374
18375
18376
18377
18378
18379
18380
18381
18382
18383
18384
18385
18386
18387
18388
18389
18390
18391
18392
18393
18394
18395
18396
18397
18398
18399
18400
18401
18402
18403
18404
18405
18406
18407
18408
18409
18410
18411
18412
18413
18414
18415
18416
18417
18418
18419
18421
18423
18425
18427
18428
18429
18430
18431
18433
18435
18437
18439
18441
18443
18445
18447
18449
18451
18452
18453
18454
18455
18457
18459
18460
18461
18462
18463
18465
18467
18469
18471
18473
18475
18477
18479
18481
18483
18484
18485
18486
18487
18488
18489
18490
18491
18492
18493
18494
18495
18496
18497
18498
18499
18500
18501
18502
18503
18504
18505
18506
18507
18508
18509
18510
18511
18512
18513
18514
18515
18516
18517
18518
18519
18520
18521
18522
18523
18524
18525
18526
18527
18528
18529
18530
18531
18532
18533
18534
18535
18536
18537
18538
18539
18540
18541
18542
18543
18544
18545
18546
18547
18549
18551
18552
18553
18554
18555
18557
18559
18561
18563
18565
18567
18569
18571
18573
18575
18576
18577
18578
18579
18581
18583
18584
18585
18586
18587
18589
18591
18593
18595
18597
18599
18601
18603
18605
18607
18609
18611
18613
18615
18617
18619
18621
18623
18625
18627
18629
18631
18633
18635
18637
18639
18641
18643
18645
18647
18649
18651
18653
18655
18657
18659
18661
18663
18665
18667
18669
18671
18673
18675
18677
18679
18681
18683
18685
18687
18689
18691
18693
18695
18697
18699
18701
18703
18705
18707
18709
18711
18713
18715
18717
18719
18721
18723
18725
18727
18729
18731
18733
18735
18737
18739
18741
18743
18745
18747
18749
18751
18753
18755
18757
18759
18761
18763
18765
18767
18769
18771
18773
18775
18777
18779
18781
18783
18785
18787
18789
18791
18793
18795
18797
18799
18801
18803
18805
18807
18809
18811
18813
18815
18817
18819
18821
18823
18825
18827
18829
18831
18833
18835
18837
18839
18841
18843
18845
18847
18849
18851
18853
18855
18857
18859
18861
18863
18865
18867
18869
18871
18873
18875
18877
18879
18881
18883
18885
18887
18889
18891
18893
18895
18897
18899
18901
18903
18905
18907
18909
18911
18913
18915
18917
18919
18921
18923
18925
18927
18929
18931
18933
18935
18937
18939
18941
18943
18945
18947
18949
18951
18953
18955
18957
18959
18961
18963
18965
18967
18969
18971
18973
18975
18977
18979
18981
18983
18985
18987
18989
18991
18993
18995
18997
18999
19001
19003
19005
19007
19009
19011
19013
19015
19017
19019
19021
19023
19025
19027
19029
19031
19033
19035
19037
19039
19041
19043
19045
19047
19049
19051
19053
19055
19057
19059
19061
19063
19065
19067
19069
19071
19073
19075
19077
19079
19081
19083
19085
19087
19089
19091
19093
19095
19097
19099
19101
19103
19105
19107
19109
19111
19113
19115
19117
19119
19121
19123
19125
19127
19129
19131
19133
19135
19137
19139
19141
19143
19145
19147
19149
19151
19153
19155
19157
19159
19161
19163
19166
19168
19171
19173
19176
19178
19182
19185
19188
19191
19193
19195
19197
19199
19201
19203
19205
19207
19209
19211
19213
19215
19217
19219
19221
19223
19225
19227
19229
19231
19233
19235
19237
19239
19241
19243
19245
19247
19249
19251
19254
19259
19262
19265
19267
19269
19271
19273
19275
19277
19279
19281
19283
19285
19287
19289
19291
19293
19296
19298
19300
19302
19305
19307
19309
19311
19313
19315
19317
19319
19321
19323
19325
19327
19329
19331
19333
19335
19337
19339
19341
19343
19345
19347
19349
19351
19353
19355
19357
19359
19361
19363
19365
19367
19369
19371
19373
19375
19377
19379
19381
19383
19385
19387
19389
19391
19393
19395
19397
19399
19401
19403
19405
19407
19409
19411
19413
19415
19417
19419
19421
19423
19425
19427
19429
19431
19433
19435
19437
19439
19441
19443
19445
19447
19449
19451
19453
19455
19457
19459
19461
19463
19465
19467
19469
19471
19473
19475
19477
19479
19481
19483
19485
19487
19489
19491
19493
19495
19497
19499
19501
19503
19505
19507
19509
19511
19513
19515
19517
19519
19521
19523
19525
19527
19529
19531
19533
19535
19537
19539
19541
19543
19545
19547
19549
19551
19553
19555
19557
19559
19561
19563
19565
19567
19569
19571
19573
19575
19577
19579
19581
19584
19588
19592
19594
19596
19599
19601
19604
19606
19608
19610
19612
19614
19616
19618
19620
19622
19625
19627
19630
19632
19634
19636
19638
19640
19642
19644
19646
19648
19651
19654
19657
19660
19663
19665
19666
19667
19668
19669
19670
19671
19672
19673
19674
19675
19676
19677
19678
19679
19680
19681
19682
19683
19684
19685
19686
19687
19688
19689
19690
19691
19692
19693
19694
19695
19696
19697
19698
19699
19700
19701
19702
19703
19704
19705
19706
19707
19708
19709
19710
19711
19712
19713
19714
19715
19716
19717
19718
19719
19720
19721
19722
19723
19724
19725
19726
19727
19728
19729
19730
19732
19734
19735
19736
19737
19738
19740
19742
19744
19746
19748
19750
19752
19754
19756
19758
19759
19760
19761
19762
19764
19766
19767
19768
19769
19770
19772
19774
19776
19778
19780
19782
19784
19786
19788
19790
19791
19792
19793
19794
19795
19796
19797
19798
19799
19800
19801
19802
19803
19804
19805
19806
19807
19808
19809
19810
19811
19812
19813
19814
19815
19816
19817
19818
19819
19820
19821
19822
19823
19824
19826
19827
19828
19830
19832
19834
19836
19838
19839
19840
19842
19843
19844
19846
19848
19850
19852
19854
19855
19856
19857
19858
19860
19862
19863
19864
19865
19866
19868
19870
19872
19874
19876
19878
19880
19882
19884
19886
19887
19888
19890
19892
19894
19896
19898
19900
19902
19904
19906
19908
19910
19912
19914
19916
19918
19920
19922
19924
19926
19928
19930
19932
19934
19936
19938
19940
19942
19944
19946
19948
19950
19952
19954
19956
19958
19960
19962
19964
19966
19968
19970
19972
19974
19976
19978
19980
19982
19984
19986
19988
19990
19992
19994
19996
19998
20000
20002
20004
20006
20008
20010
20012
20014
20016
20018
20020
20022
20024
20026
20028
20030
20032
20034
20036
20038
20040
20042
20044
20046
20048
20050
20052
20054
20056
20058
20060
20062
20064
20066
20068
20070
20072
20074
20076
20078
20080
20082
20084
20086
20088
20090
20092
20094
20096
20098
20100
20102
20104
20106
20108
20110
20112
20114
20116
20118
20120
20122
20124
20126
20128
20130
20132
20134
20136
20138
20140
20142
20144
20146
20148
20150
20152
20154
20156
20158
20160
20162
20164
20166
20168
20170
20172
20174
20176
20178
20180
20182
20184
20186
20188
20190
20192
20194
20196
20198
20200
20202
20204
20206
20208
20210
20212
20214
20216
20218
20220
20222
20224
20226
20228
20230
20232
20234
20236
20238
20240
20242
20244
20246
20248
20250
20252
20254
20256
20258
20260
20262
20264
20266
20268
20270
20272
20274
20276
20278
20280
20282
20284
20286
20288
20290
20292
20294
20296
20298
20300
20302
20304
20306
20308
20310
20312
20314
20316
20318
20320
20322
20324
20326
20328
20330
20332
20334
20336
20338
20340
20342
20344
20346
20348
20350
20352
20354
20356
20358
20360
20362
20364
20366
20368
20370
20372
20374
20376
20378
20380
20382
20384
20386
20388
20390
20392
20394
20396
20398
20400
20402
20404
20406
20408
20410
20412
20414
20416
20418
20420
20422
20424
20426
20428
20430
20432
20434
20436
20438
20440
20442
20444
20446
20448
20450
20452
20454
20456
20458
20460
20462
20464
20466
20468
20470
20472
20474
20476
20478
20480
20482
20484
20486
20488
20490
20492
20494
20496
20498
20500
20502
20504
20506
20508
20510
20512
20514
20516
20518
20520
20522
20524
20526
20528
20530
20532
20534
20536
20538
20540
20542
20544
20546
20548
20550
20552
20554
20556
20558
20560
20562
20564
20566
20568
20570
20572
20574
20576
20578
20580
20582
20584
20586
20588
20590
20592
20594
20596
20598
20600
20602
20604
20606
20608
20610
20612
20614
20616
20618
20620
20622
20624
20626
20628
20630
20632
20634
20636
20638
20640
20642
20644
20646
20648
20650
20652
20654
20656
20658
20660
20662
20664
20666
20668
20670
20672
20674
20676
20678
20680
20682
20684
20686
20688
20690
20692
20694
20696
20698
20700
20702
20704
20706
20708
20710
20712
20714
20716
20718
20720
20722
20724
20726
20728
20730
20732
20734
20736
20738
20740
20742
20744
20746
20748
20750
20752
20754
20756
20758
20760
20762
20764
20766
20768
20770
20772
20774
20776
20778
20780
20782
20784
20786
20788
20790
20792
20794
20796
20798
20800
20802
20804
20806
20808
20810
20812
20814
20816
20818
20820
20822
20824
20826
20828
20830
20832
20834
20836
20838
20840
20842
20844
20846
20848
20850
20852
20854
20856
20858
20860
20862
20864
20866
20868
20870
20872
20874
20876
20878
20880
20882
20884
20886
20888
20890
20892
20894
20896
20898
20900
20902
20904
20906
20908
20910
20912
20914
20916
20918
20920
20922
20924
20926
20928
20930
20932
20934
20936
20938
20940
20942
20944
20946
20948
20950
20952
20954
20956
20958
20960
20962
20964
20966
20968
20970
20973
20976
20978
20980
20982
20985
20988
20990
20992
20994
20996
20998
21000
21002
21005
21008
21011
21014
21016
21018
21020
21022
21024
21026
21028
21030
21032
21035
21037
21039
21041
21043
21045
21047
21049
21051
21053
21055
21057
21059
21061
21063
21065
21067
21069
21071
21073
21075
21078
21081
21084
21087
21089
21091
21093
21095
21097
21099
21101
21103
21105
21107
21109
21111
21113
21115
21117
21119
21121
21123
21125
21128
21130
21133
21135
21138
21140
21142
21144
21146
21148
21150
21152
21154
21157
21161
21175
21177
21179
21181
21183
21185
21187
21189
21191
21193
21195
21197
21199
21201
21203
21205
21207
21211
21223
21225
21227
21229
21349
21351
21353
21355
21357
21359
21361
21363
21365
21367
21369
21371
21373
21375
21377
21379
21381
21383
21385
21387
21389
21391
21393
21396
21399
21402
21405
21407
21409
21411
21413
21415
21417
21419
21421
21423
21425
21427
21429
21431
21433
21435
21437
21439
21441
21443
21445
21447
21449
21451
21453
21455
21457
21459
21461
21463
21465
21467
21469
21472
21475
21478
21481
21483
21485
21487
21489
21491
21493
21495
21497
21499
21501
21503
21505
21507
21509
21511
21513
21515
21517
21519
21521
21523
21533
21535
21537
21539
21549
21551
21553
21555
21557
21559
21561
21563
21565
21567
21569
21571
21573
21575
21577
21579
21581
21583
21585
21587
21597
21599
21601
21603
21613
21615
21617
21619
21621
21623
21625
21627
21629
21631
21633
21635
21637
21639
21641
21643
21645
21647
21649
21651
21653
21655
21657
21659
21661
21663
21665
21667
21669
21671
21673
21675
21677
21679
21681
21683
21685
21687
21689
21691
21693
21695
21697
21699
21701
21703
21705
21707
21709
21711
21713
21715
21718
21720
21722
21725
21727
21729
21731
21733
21735
21737
21739
21741
21743
21745
21747
21749
21751
21753
21755
21757
21759
21761
21763
21765
21767
21769
21771
21773
21775
21777
21779
21781
21791
21793
21795
21797
21807
21809
21811
21813
21815
21817
21819
21821
21823
21825
21827
21829
21831
21833
21835
21837
21839
21841
21843
21845
21855
21857
21859
24082
24085
24087
24090
24102
24104
24106
24108
24110
24112
24114
24116
24118
24120
24122
24124
24126
24129
24132
24135
24138
24140
24142
24144
24146
24148
24150
24152
24154
24156
24158
24160
24162
24164
24166
24168
24386
24388
24390
24392
24394
24396
24398
24400
24402
24404
24406
24408
24410
24412
24414
24416
24418
24420
24422
24424
24426
24428
24430
24432
24434
24437
24440
24443
24446
24448
24450
24452
24518
24520
24522
24524
24526
24528
24530
24532
24534
24536
24538
24540
24542
24544
24546
24548
24550
24552
24554
24556
24558
24560
24562
24564
24566
24568
24570
24572
24574
24576
24578
24580
25401
25406
25407
25408
25409
25410
25411
25412
25413
25414
25415
25416
25417
25418
25419
25420
25421
25422
25423
25424
25425
25426
25427
25428
25429
25430
25431
25432
25433
25434
25435
25436
25437
25438
25439
25440
25441
25442
25443
25444
25445
25446
25447
25448
25449
25450
25451
25452
25453
25454
25455
25456
25457
25458
25459
25460
25461
25462
25463
25464
25465
25466
25467
25867
25868
25869
25870
25871
25872
25873
25874
25875
25876
25877
25878
25879
25880
25881
25882
25883
25884
25885
25886
25887
25888
25889
25890
25891
25892
25893
25894
25895
25896
25897
25898
25899
25900
25901
25902
25903
25904
25905
25906
25907
25908
25909
25910
25911
25912
25913
25914
26040
26043
26045
26048
26050
26053
26055
26058
26060
26063
26065
26068
26070
26072
26074
26076
26078
26080
26082
26084
26086
26088
26090
26092
26094
26096
26098
26100
26102
26104
26106
26108
26110
26112
26114
26116
26118
26120
26122
26124
26126
26128
26130
26133
26136
26140
26143
26146
26148
26151
26153
26156
26158
26160
26162
26164
26166
26168
26170
26172
26174
26176
26178
26180
26182
26184
26186
26188
26190
26192
26194
26196
26198
26200
26202
26205
26208
26211
26214
26216
26217
26218
26219
26220
26221
26222
26223
26224
26225
26226
26227
26228
26229
26230
26231
26232
26233
26234
26235
26236
26237
26238
26239
26240
26241
26242
26243
26244
26245
26246
26247
26248
26249
26250
26251
26252
26253
26254
26255
26256
26257
26258
26259
26260
26261
26262
26263
26264
26265
26266
26267
26268
26269
26270
26271
26272
26273
26274
26275
26276
26277
26278
26279
26280
26282
26284
26286
26288
26290
26293
26295
26298
26300
26303
26305
26308
26310
26312
26314
26316
26318
26320
26322
26324
26326
26328
26330
26332
26334
26336
26338
26340
26341
26342
26343
26344
26345
26346
26347
26348
26349
26350
26351
26352
26353
26354
26355
26356
26357
26358
26359
26360
26361
26362
26363
26364
26365
26366
26367
26368
26369
26370
26371
26372
26373
26374
26375
26376
26377
26378
26379
26380
26381
26382
26383
26384
26385
26386
26387
26388
26389
26390
26391
26392
26393
26394
26395
26396
26397
26398
26399
26400
26402
26404
26406
26408
26410
26412
26414
26416
26418
26420
26422
26424
26426
26428
26430
26432
26434
26436
26438
26440
26442
26444
26446
26448
26450
26452
26454
26456
26458
26460
26462
26464
26466
26468
26470
26472
26474
26476
26478
26480
26482
26484
26486
26488
26490
26492
26494
26496
26498
26500
26502
26504
26506
26508
26510
26512
26514
26516
26518
26520
26522
26524
26526
26528
26530
26532
26534
26536
26538
26540
26542
26544
26546
26548
26550
26552
26554
26556
26558
26560
26562
26564
26566
26568
26570
26572
26574
26576
26578
26580
26582
26584
26586
26588
26590
26592
26594
26596
26598
26600
26602
26604
26606
26608
26610
26612
26614
26616
26618
26620
26622
26624
26626
26628
26630
26632
26634
26636
26638
26640
26642
26644
26646
26648
26650
26652
26654
26656
26658
26660
26662
26664
26666
26668
26670
26672
26674
26676
26678
26680
26682
26684
26686
26688
26690
26692
26694
26696
26698
26700
26702
26704
26706
26708
26710
26712
26714
26717
26719
26720
26721
26722
26723
26724
26725
26726
26727
26728
26729
26730
26731
26732
26733
26734
26735
26736
26737
26738
26739
26740
26741
26742
26743
26744
26745
26746
26747
26748
26749
26750
26751
26752
26753
26754
26755
26756
26757
26758
26759
26760
26761
26762
26763
26764
26765
26766
26767
26768
26769
26770
26771
26772
26773
26774
26775
26776
26777
26778
26779
26780
26782
26784
26786
26788
26789
26790
26791
26792
26794
26796
26798
26800
26802
26804
26806
26808
26810
26812
26813
26814
26815
26816
26818
26820
26821
26822
26823
26824
26826
26828
26830
26832
26834
26836
26838
26840
26842
26844
26845
26846
26847
26848
26849
26850
26851
26852
26853
26854
26855
26856
26857
26858
26859
26860
26861
26862
26863
26864
26865
26866
26867
26868
26869
26870
26871
26872
26873
26874
26875
26876
26877
26878
26879
26880
26881
26882
26883
26884
26885
26886
26887
26888
26889
26890
26891
26892
26893
26894
26895
26896
26897
26898
26899
26900
26901
26902
26903
26904
26905
26906
26907
26908
26910
26912
26913
26914
26915
26916
26918
26920
26922
26924
26926
26928
26930
26932
26934
26936
26937
26938
26939
26940
26942
26944
26945
26946
26947
26948
26950
26952
26954
26956
26958
26960
26962
26964
26966
26968
26970
26972
26974
26976
26978
26980
26982
26984
26986
26988
26990
26992
26994
26996
26998
27000
27002
27004
27006
27008
27010
27012
27014
27016
27018
27020
27022
27024
27026
27028
27030
27032
27034
27036
27038
27040
27042
27044
27046
27048
27050
27052
27054
27056
27058
27060
27062
27064
27066
27068
27070
27072
27074
27076
27078
27080
27082
27084
27086
27088
27090
27092
27094
27096
27098
27100
27102
27104
27106
27108
27110
27112
27114
27116
27118
27120
27122
27124
27126
27128
27130
27132
27134
27136
27138
27140
27142
27144
27146
27148
27150
27152
27154
27156
27158
27160
27162
27164
27166
27168
27170
27172
27174
27176
27178
27180
27182
27184
27186
27188
27190
27192
27194
27196
27198
27200
27202
27204
27206
27208
27210
27212
27214
27216
27218
27220
27222
27224
27226
27228
27230
27232
27234
27236
27238
27240
27242
27244
27246
27248
27250
27252
27254
27256
27258
27260
27262
27264
27266
27268
27270
27272
27274
27276
27278
27280
27282
27284
27286
27288
27290
27292
27294
27296
27298
27300
27302
27304
27306
27308
27310
27312
27314
27316
27318
27320
27322
27324
27326
27328
27330
27332
27334
27336
27338
27340
27342
27344
27346
27348
27350
27352
27354
27356
27358
27360
27362
27364
27366
27368
27370
27372
27374
27376
27378
27380
27382
27384
27386
27388
27390
27392
27394
27396
27398
27400
27402
27404
27406
27408
27410
27412
27414
27416
27418
27420
27422
27424
27426
27428
27430
27432
27434
27436
27438
27440
27442
27444
27446
27448
27450
27452
27454
27456
27458
27460
27462
27464
27466
27468
27470
27472
27474
27476
27478
27480
27482
27484
27486
27488
27490
27492
27494
27496
27498
27500
27502
27504
27506
27508
27510
27512
27514
27516
27518
27520
27522
27525
27527
27530
27532
27535
27537
27540
27544
27547
27550
27552
27554
27556
27558
27560
27562
27564
27566
27568
27570
27572
27574
27576
27578
27580
27582
27584
27586
27588
27590
27592
27594
27596
27598
27600
27602
27604
27606
27608
27610
27613
27616
27621
27624
27626
27628
27630
27632
27635
27637
27639
27641
27643
27645
27647
27649
27651
27653
27655
27657
27660
27662
27664
27666
27669
27671
27673
27675
27677
27679
27681
27683
27685
27687
27689
27691
27693
27695
27697
27699
27701
27703
27705
27707
27709
27711
27713
27715
27717
27719
27721
27723
27725
27727
27729
27731
27733
27735
27737
27739
27741
27743
27745
27747
27749
27751
27753
27755
27757
27759
27761
27763
27765
27767
27769
27771
27773
27775
27777
27779
27781
27783
27785
27787
27789
27791
27793
27795
27797
27799
27801
27803
27805
27807
27809
27811
27813
27815
27817
27819
27821
27823
27825
27827
27829
27831
27833
27835
27837
27839
27841
27843
27845
27847
27849
27851
27853
27855
27857
27859
27861
27863
27865
27867
27869
27871
27873
27875
27877
27879
27881
27883
27885
27887
27889
27891
27893
27895
27897
27899
27901
27903
27905
27907
27909
27911
27913
27915
27917
27919
27921
27923
27925
27927
27929
27931
27933
27935
27937
27939
27941
27943
27946
27950
27954
27956
27958
27961
27963
27965
27967
27969
27971
27973
27975
27977
27979
27981
27984
27986
27989
27991
27993
27995
27997
27999
28001
28003
28005
28007
28010
28013
28016
28019
28022
28025
28026
28027
28028
28029
28030
28031
28032
28033
28034
28035
28036
28037
28038
28039
28040
28041
28042
28043
28044
28045
28046
28047
28048
28049
28050
28051
28052
28053
28054
28055
28056
28057
28058
28059
28060
28061
28062
28063
28064
28065
28066
28067
28068
28069
28070
28071
28072
28073
28074
28075
28076
28077
28078
28079
28080
28081
28082
28083
28084
28085
28086
28087
28088
28089
28090
28092
28094
28095
28096
28097
28098
28100
28102
28104
28106
28108
28110
28112
28114
28116
28118
28119
28120
28121
28122
28124
28126
28127
28128
28129
28130
28132
28134
28136
28138
28140
28142
28144
28146
28148
28150
28151
28152
28153
28154
28155
28156
28157
28158
28159
28160
28161
28162
28163
28164
28165
28166
28167
28168
28169
28170
28171
28172
28173
28174
28175
28176
28177
28178
28179
28180
28181
28182
28183
28184
28186
28187
28188
28190
28192
28194
28196
28198
28199
28200
28202
28203
28204
28206
28208
28210
28212
28214
28215
28216
28217
28218
28220
28222
28223
28224
28225
28226
28228
28230
28232
28234
28236
28238
28240
28242
28244
28246
28247
28248
28250
28252
28254
28256
28258
28260
28262
28264
28266
28268
28270
28272
28274
28276
28278
28280
28282
28284
28286
28288
28290
28292
28294
28296
28298
28300
28302
28304
28306
28308
28310
28312
28314
28316
28318
28320
28322
28324
28326
28328
28330
28332
28334
28336
28338
28340
28342
28344
28346
28348
28350
28352
28354
28356
28358
28360
28362
28364
28366
28368
28370
28372
28374
28376
28378
28380
28382
28384
28386
28388
28390
28392
28394
28396
28398
28400
28402
28404
28406
28408
28410
28412
28414
28416
28418
28420
28422
28424
28426
28428
28430
28432
28434
28436
28438
28440
28442
28444
28446
28448
28450
28452
28454
28456
28458
28460
28462
28464
28466
28468
28470
28472
28474
28476
28478
28480
28482
28484
28486
28488
28490
28492
28494
28496
28498
28500
28502
28504
28506
28508
28510
28512
28514
28516
28518
28520
28522
28524
28526
28528
28530
28532
28534
28536
28538
28540
28542
28544
28546
28548
28550
28552
28554
28556
28558
28560
28562
28564
28566
28568
28570
28572
28574
28576
28578
28580
28582
28584
28586
28588
28590
28592
28594
28596
28598
28600
28602
28604
28606
28608
28610
28612
28614
28616
28618
28620
28622
28624
28626
28628
28630
28632
28634
28636
28638
28640
28642
28644
28646
28648
28650
28652
28654
28656
28658
28660
28662
28664
28666
28668
28670
28672
28674
28676
28678
28680
28682
28684
28686
28688
28690
28692
28694
28696
28698
28700
28702
28704
28706
28708
28710
28712
28714
28716
28718
28720
28722
28724
28726
28728
28730
28732
28734
28736
28738
28740
28742
28744
28746
28748
28750
28752
28754
28756
28758
28760
28762
28764
28766
28768
28770
28772
28774
28776
28778
28780
28782
28784
28786
28788
28790
28792
28794
28796
28798
28800
28802
28804
28806
28808
28810
28812
28814
28816
28818
28820
28822
28824
28826
28828
28830
28832
28834
28836
28838
28840
28842
28844
28846
28848
28850
28852
28854
28856
28858
28860
28862
28864
28866
28868
28870
28872
28874
28876
28878
28880
28882
28884
28886
28888
28890
28892
28894
28896
28898
28900
28902
28904
28906
28908
28910
28912
28914
28916
28918
28920
28922
28924
28926
28928
28930
28932
28934
28936
28938
28940
28942
28944
28946
28948
28950
28952
28954
28956
28958
28960
28962
28964
28966
28968
28970
28972
28974
28976
28978
28980
28982
28984
28986
28988
28990
28992
28994
28996
28998
29000
29002
29004
29006
29008
29010
29012
29014
29016
29018
29020
29022
29024
29026
29028
29030
29032
29034
29036
29038
29040
29042
29044
29046
29048
29050
29052
29054
29056
29058
29060
29062
29064
29066
29068
29070
29072
29074
29076
29078
29080
29082
29084
29086
29088
29090
29092
29094
29096
29098
29100
29102
29104
29106
29108
29110
29112
29114
29116
29118
29120
29122
29124
29126
29128
29130
29132
29134
29136
29138
29140
29142
29144
29146
29148
29150
29152
29154
29156
29158
29160
29162
29164
29166
29168
29170
29172
29174
29176
29178
29180
29182
29184
29186
29188
29190
29192
29194
29196
29198
29200
29202
29204
29206
29208
29210
29212
29214
29216
29218
29220
29222
29224
29226
29228
29230
29232
29234
29236
29238
29240
29242
29244
29246
29248
29250
29252
29254
29256
29258
29260
29262
29264
29266
29268
29270
29272
29274
29276
29278
29280
29282
29284
29286
29288
29290
29292
29294
29296
29298
29300
29302
29304
29306
29308
29310
29312
29314
29316
29318
29320
29322
29324
29326
29328
29330
29332
29334
29337
29339
29341
29344
29346
29349
29351
29353
29355
29357
29359
29361
29364
29367
29370
29373
29375
29377
29379
29381
29383
29385
29387
29390
29392
29394
29396
29399
29401
29403
29405
29407
29409
29411
29413
29415
29417
29419
29421
29423
29425
29427
29429
29431
29433
29435
29437
29440
29443
29446
29449
29451
29453
29455
29457
29459
29461
29463
29465
29467
29469
29471
29473
29475
29477
29479
29481
29483
29485
29487
29490
29492
29494
29497
29500
29502
29504
29506
29508
29510
29512
29514
29516
29518
29523
29536
29538
29540
29542
29544
29546
29548
29550
29552
29554
29556
29558
29560
29562
29564
29566
29568
29572
29584
29586
29588
29590
29710
29712
29714
29716
29718
29720
29722
29724
29726
29728
29730
29732
29734
29736
29738
29740
29742
29744
29746
29748
29750
29752
29755
29758
29761
29764
29766
29768
29770
29772
29774
29776
29778
29780
29782
29784
29786
29788
29790
29792
29794
29796
29798
29800
29802
29804
29806
29808
29810
29812
29814
29816
29818
29820
29822
29824
29826
29828
29831
29834
29837
29840
29842
29844
29846
29848
29850
29852
29854
29856
29858
29860
29862
29864
29866
29868
29870
29872
29874
29876
29878
29880
29882
29884
29894
29896
29898
29900
29910
29912
29914
29916
29918
29920
29922
29924
29926
29928
29930
29932
29934
29936
29938
29940
29942
29944
29946
29948
29958
29960
29962
29964
29974
29976
29978
29980
29982
29984
29986
29988
29990
29992
29994
29996
29998
30000
30002
30004
30006
30008
30010
30012
30014
30016
30018
30020
30022
30024
30026
30028
30030
30032
30034
30036
30038
30040
30042
30044
30046
30048
30050
30052
30054
30056
30058
30060
30062
30064
30066
30068
30070
30073
30075
30077
30079
30082
30084
30087
30089
30091
30093
30095
30097
30099
30101
30103
30105
30107
30109
30111
30113
30115
30117
30119
30121
30123
30125
30127
30129
30131
30133
30135
30137
30139
30141
30143
30153
30155
30157
30159
30169
30171
30173
30175
30177
30179
30181
30183
30185
30187
30189
30191
30193
30195
30197
30199
30201
30203
30205
30207
30217
30219
30221
32444
32446
32449
32451
32463
32465
32467
32469
32471
32473
32475
32477
32479
32481
32483
32485
32488
32491
32494
32497
32499
32501
32503
32505
32507
32509
32511
32513
32515
32517
32519
32521
32523
32525
32527
32529
32747
32749
32751
32753
32755
32757
32759
32761
32763
32765
32767
32769
32771
32773
32775
32777
32779
32781
32783
32785
32787
32789
32791
32793
32796
32799
32802
32805
32807
32809
32811
32813
32879
32881
32883
32885
32887
32889
32891
32893
32895
32897
32899
32901
32903
32905
32907
32909
32911
32913
32915
32917
32919
32921
32923
32925
32927
32929
32931
32933
32935
32937
32939
32941
33762
-1120
-7996
8033
-8040
8044
-8052
11378
-11381
-12663
12672
-12675
12716
-12719
12728
-12731
12900
-12903
12912
-12915
12956
-12959
12968
-12971
13140
-13236
13239
13242
-13250
13287
-13294
71
1368
-7989
8000
-8013
-8016
-8017
8089
-8101
-8104
-8105
8112
-8125
-8128
-8129
8201
-9301
-9304
-9305
9312
-9325
-9328
-9329
9401
-9413
-9416
-9417
9424
-9441
9442
-9445
-9446
9511
-9787
-9789
-9791
-9794
-9811
-9813
-9814
9879
-9899
-9901
-9903
-9906
-9923
-9925
-9926
9991
-10852
-10854
-10856
-10859
-10876
-10878
-10879
10944
-10964
-10966
-10968
-10971
-10988
-10990
-10991
11056
-11180
-11182
-11184
-11187
-11198
-11199
-16369
)


// ************************************************************************* //
