/*--------------------------------*- C++ -*----------------------------------*\
| =========                 |                                                 |
| \\      /  F ield         | OpenFOAM: The Open Source CFD Toolbox           |
|  \\    /   O peration     | Version:  2306                                  |
|   \\  /    A nd           | Website:  www.openfoam.com                      |
|    \\/     M anipulation  |                                                 |
\*---------------------------------------------------------------------------*/
FoamFile
{
    version     2.0;
    format      ascii;
    arch        "LSB;label=32;scalar=64";
    note        "nPoints:4940  nCells:2362  nFaces:9555  nInternalFaces:4617";
    class       labelList;
    location    "constant/polyMesh";
    object      neighbour;
}
// * * * * * * * * * * * * * * * * * * * * * * * * * * * * * * * * * * * * * //


4617
(
1
3
112
2361
2
111
3
4
5
2361
6
2360
7
2359
8
2358
9
2357
10
2356
11
2355
12
2354
13
2353
14
2352
15
2351
16
2350
17
2349
18
2348
19
2347
20
2346
21
2345
22
2344
23
2343
24
2342
25
2341
26
2340
27
2339
28
2338
29
2337
30
2336
31
2335
32
2334
33
2333
34
2332
35
2331
2330
37
757
38
765
39
765
40
764
41
763
42
766
43
766
44
767
45
808
46
809
47
827
48
827
49
826
50
825
51
828
52
828
53
829
54
830
55
1471
56
1472
57
1473
58
1474
59
1475
60
1479
61
1479
62
1478
63
1480
64
1487
65
1486
66
1485
67
1488
68
1496
69
1496
70
1497
71
1498
72
1499
73
1636
74
1637
75
1638
76
1639
77
1653
78
1653
79
1652
80
1651
81
1654
82
1685
83
1684
84
1683
85
1682
86
1681
87
1680
88
1679
89
1686
90
2213
91
2212
92
2211
93
2210
94
2209
95
2208
96
2207
97
2214
98
2245
99
2244
100
2243
101
2242
102
2241
103
2240
104
2239
105
2246
106
2329
107
2328
108
2327
109
2326
110
2325
111
2324
112
113
2324
114
2323
2361
115
2320
2360
116
2319
2359
117
2300
2358
118
2299
2357
119
2296
2356
120
2295
2355
121
2276
2354
122
2275
2353
123
2272
2352
124
2271
2351
125
2044
2350
126
2043
2349
127
2040
2348
128
2039
2347
129
2020
2346
130
2019
2345
131
2016
2344
132
2015
2343
133
1996
2342
134
1995
2341
135
1992
2340
136
1991
2339
137
1972
2338
138
1971
2337
139
1968
2336
140
1967
2335
141
444
2334
142
443
2333
143
440
2332
144
439
2331
420
2330
146
154
147
153
148
152
149
151
150
174
151
163
173
152
162
153
161
154
160
155
156
160
157
159
158
511
159
167
510
160
166
161
162
166
163
165
164
172
165
169
171
166
168
167
168
509
169
508
170
507
171
195
506
172
194
173
189
174
188
175
176
188
177
187
178
186
179
185
180
184
181
183
182
214
183
203
213
184
202
185
201
186
200
187
191
188
190
189
190
194
191
193
192
200
193
197
199
194
196
195
196
505
197
504
198
503
199
207
502
200
206
201
202
206
203
205
204
212
205
209
211
206
208
207
208
501
209
500
210
499
211
235
498
212
234
213
229
214
228
215
216
228
217
227
218
226
219
225
220
224
221
223
222
254
223
243
253
224
242
225
241
226
240
227
231
228
230
229
230
234
231
233
232
240
233
237
239
234
236
235
236
497
237
496
238
495
239
247
494
240
246
241
242
246
243
245
244
252
245
249
251
246
248
247
248
493
249
492
250
491
251
273
490
252
272
253
267
254
266
255
256
266
257
265
258
264
259
263
262
261
281
291
262
280
263
279
264
278
265
269
266
268
267
268
272
269
271
270
278
271
275
277
272
274
273
274
489
275
488
276
487
277
285
486
278
284
279
280
284
281
283
282
290
283
287
289
284
286
285
286
485
287
484
288
483
289
305
482
290
304
291
299
298
293
313
323
294
312
295
311
296
310
297
301
298
300
299
300
304
301
303
302
310
303
307
309
304
306
305
306
481
307
480
308
479
309
317
478
310
316
311
312
316
313
315
314
322
315
319
321
316
318
317
318
477
319
476
320
475
321
337
474
322
336
323
331
330
325
345
355
326
344
327
343
328
342
329
333
330
332
331
332
336
333
335
334
342
335
339
341
336
338
337
338
473
339
472
340
471
341
349
470
342
348
343
344
348
345
347
346
354
347
351
353
348
350
349
350
469
351
468
352
467
353
369
466
354
368
355
363
362
357
377
387
358
376
359
375
360
374
361
365
362
364
363
364
368
365
367
366
374
367
371
373
368
370
369
370
465
371
464
372
463
373
381
462
374
380
375
376
380
377
379
378
386
379
383
385
380
382
381
382
461
383
460
384
459
385
401
458
386
400
387
395
394
389
409
419
390
408
391
407
392
406
393
397
394
396
395
396
400
397
399
398
406
399
403
405
400
402
401
402
457
403
456
404
455
405
413
454
406
412
407
408
412
409
411
410
418
411
415
417
412
414
413
414
453
415
452
416
451
417
432
450
418
431
419
426
425
421
439
422
438
423
437
424
428
425
427
426
427
431
428
430
429
437
430
434
436
431
433
432
433
449
434
448
435
447
436
442
446
437
441
438
439
441
440
441
443
442
443
445
444
445
1967
446
1966
447
1965
448
1956
449
1955
450
1954
451
1953
452
1784
453
1783
454
1782
455
1781
456
1772
457
1771
458
1770
459
1769
460
1728
461
1727
462
1726
463
1725
464
1716
465
1715
466
1714
467
1713
468
1165
469
1164
470
1163
471
1162
472
1153
473
1152
474
1151
475
1150
476
1109
477
1108
478
1107
479
1106
480
1097
481
1096
482
1095
483
1094
484
925
485
924
486
923
487
922
488
913
489
912
490
911
491
910
492
869
493
868
494
867
495
866
496
857
497
856
498
855
499
854
500
575
501
574
502
573
503
572
504
563
505
562
506
561
507
560
508
523
509
522
510
521
511
520
513
513
515
514
520
515
517
519
516
517
535
518
534
519
527
533
520
526
521
522
526
523
525
524
560
525
529
559
526
528
527
528
532
529
531
530
558
531
547
557
532
546
533
545
534
544
535
537
536
537
539
538
544
539
541
543
540
541
623
542
622
543
551
621
544
550
545
546
550
547
549
548
556
549
553
555
550
552
551
552
620
553
619
554
618
555
595
617
556
594
557
589
558
588
559
567
560
566
561
562
566
563
565
564
572
565
569
571
566
568
567
568
588
569
587
570
586
571
579
585
572
578
573
574
578
575
577
576
854
577
581
853
578
580
579
580
584
581
583
582
852
583
603
851
584
602
585
601
586
600
587
591
588
590
589
590
594
591
593
592
600
593
597
599
594
596
595
596
616
597
615
598
614
599
607
613
600
606
601
602
606
603
605
604
850
605
609
849
606
608
607
608
612
609
611
610
848
611
687
847
612
686
613
685
614
684
615
675
616
674
617
673
618
672
619
635
620
634
621
633
622
632
623
625
624
625
627
626
632
627
629
631
628
629
647
630
646
631
639
645
632
638
633
634
638
635
637
636
672
637
641
671
638
640
639
640
644
641
643
642
670
643
659
669
644
658
645
657
646
656
647
649
648
649
651
650
656
651
653
655
652
653
735
654
734
655
663
733
656
662
657
658
662
659
661
660
668
661
665
667
662
664
663
664
732
665
731
666
730
667
707
729
668
706
669
701
670
700
671
679
672
678
673
674
678
675
677
676
684
677
681
683
678
680
679
680
700
681
699
682
698
683
691
697
684
690
685
686
690
687
689
688
846
689
693
845
690
692
691
692
696
693
695
694
844
695
715
843
696
714
697
713
698
712
699
703
700
702
701
702
706
703
705
704
712
705
709
711
706
708
707
708
728
709
727
710
726
711
719
725
712
718
713
714
718
715
717
716
842
717
721
841
718
720
719
720
724
721
723
722
840
723
788
839
724
787
725
786
726
785
727
776
728
775
729
774
730
773
731
745
732
744
733
743
734
742
735
737
736
737
738
742
739
741
740
756
741
749
755
742
748
743
744
748
745
747
746
773
747
751
772
748
750
749
750
754
751
753
752
771
753
761
770
754
760
755
759
756
758
757
758
759
765
760
764
761
763
762
769
763
766
768
764
765
767
768
808
769
807
770
802
771
801
772
780
773
779
774
775
779
776
778
777
785
778
782
784
779
781
780
781
801
782
800
783
799
784
792
798
785
791
786
787
791
788
790
789
838
790
794
837
791
793
792
793
797
794
796
795
836
796
816
835
797
815
798
814
799
813
800
804
801
803
802
803
807
804
806
805
813
806
810
812
807
809
808
809
810
811
827
812
820
826
813
819
814
815
819
816
818
817
834
818
822
833
819
821
820
821
825
822
824
823
832
824
829
831
825
828
826
827
829
830
831
1471
832
1470
833
1385
834
1384
835
1379
836
1378
837
1357
838
1356
839
1351
840
1350
841
1009
842
1008
843
1003
844
1002
845
981
846
980
847
975
848
974
849
889
850
888
851
883
852
882
853
861
854
860
855
856
860
857
859
858
866
859
863
865
860
862
861
862
882
863
881
864
880
865
873
879
866
872
867
868
872
869
871
870
910
871
875
909
872
874
873
874
878
875
877
876
908
877
897
907
878
896
879
895
880
894
881
885
882
884
883
884
888
885
887
886
894
887
891
893
888
890
889
890
974
891
973
892
972
893
901
971
894
900
895
896
900
897
899
898
906
899
903
905
900
902
901
902
970
903
969
904
968
905
945
967
906
944
907
939
908
938
909
917
910
916
911
912
916
913
915
914
922
915
919
921
916
918
917
918
938
919
937
920
936
921
929
935
922
928
923
924
928
925
927
926
1094
927
931
1093
928
930
929
930
934
931
933
932
1092
933
953
1091
934
952
935
951
936
950
937
941
938
940
939
940
944
941
943
942
950
943
947
949
944
946
945
946
966
947
965
948
964
949
957
963
950
956
951
952
956
953
955
954
1090
955
959
1089
956
958
957
958
962
959
961
960
1088
961
1045
1087
962
1044
963
1043
964
1042
965
1033
966
1032
967
1031
968
1030
969
989
970
988
971
987
972
986
973
977
974
976
975
976
980
977
979
978
986
979
983
985
980
982
981
982
1002
983
1001
984
1000
985
993
999
986
992
987
988
992
989
991
990
1030
991
995
1029
992
994
993
994
998
995
997
996
1028
997
1017
1027
998
1016
999
1015
1000
1014
1001
1005
1002
1004
1003
1004
1008
1005
1007
1006
1014
1007
1011
1013
1008
1010
1009
1010
1350
1011
1349
1012
1348
1013
1021
1347
1014
1020
1015
1016
1020
1017
1019
1018
1026
1019
1023
1025
1020
1022
1021
1022
1346
1023
1345
1024
1344
1025
1065
1343
1026
1064
1027
1059
1028
1058
1029
1037
1030
1036
1031
1032
1036
1033
1035
1034
1042
1035
1039
1041
1036
1038
1037
1038
1058
1039
1057
1040
1056
1041
1049
1055
1042
1048
1043
1044
1048
1045
1047
1046
1086
1047
1051
1085
1048
1050
1049
1050
1054
1051
1053
1052
1084
1053
1073
1083
1054
1072
1055
1071
1056
1070
1057
1061
1058
1060
1059
1060
1064
1061
1063
1062
1070
1063
1067
1069
1064
1066
1065
1066
1342
1067
1341
1068
1340
1069
1077
1339
1070
1076
1071
1072
1076
1073
1075
1074
1082
1075
1079
1081
1076
1078
1077
1078
1338
1079
1337
1080
1336
1081
1249
1335
1082
1248
1083
1243
1084
1242
1085
1221
1086
1220
1087
1215
1088
1214
1089
1129
1090
1128
1091
1123
1092
1122
1093
1101
1094
1100
1095
1096
1100
1097
1099
1098
1106
1099
1103
1105
1100
1102
1101
1102
1122
1103
1121
1104
1120
1105
1113
1119
1106
1112
1107
1108
1112
1109
1111
1110
1150
1111
1115
1149
1112
1114
1113
1114
1118
1115
1117
1116
1148
1117
1137
1147
1118
1136
1119
1135
1120
1134
1121
1125
1122
1124
1123
1124
1128
1125
1127
1126
1134
1127
1131
1133
1128
1130
1129
1130
1214
1131
1213
1132
1212
1133
1141
1211
1134
1140
1135
1136
1140
1137
1139
1138
1146
1139
1143
1145
1140
1142
1141
1142
1210
1143
1209
1144
1208
1145
1185
1207
1146
1184
1147
1179
1148
1178
1149
1157
1150
1156
1151
1152
1156
1153
1155
1154
1162
1155
1159
1161
1156
1158
1157
1158
1178
1159
1177
1160
1176
1161
1169
1175
1162
1168
1163
1164
1168
1165
1167
1166
1713
1167
1171
1712
1168
1170
1169
1170
1174
1171
1173
1172
1711
1173
1193
1710
1174
1192
1175
1191
1176
1190
1177
1181
1178
1180
1179
1180
1184
1181
1183
1182
1190
1183
1187
1189
1184
1186
1185
1186
1206
1187
1205
1188
1204
1189
1197
1203
1190
1196
1191
1192
1196
1193
1195
1194
1709
1195
1199
1708
1196
1198
1197
1198
1202
1199
1201
1200
1707
1201
1285
1706
1202
1284
1203
1283
1204
1282
1205
1273
1206
1272
1207
1271
1208
1270
1209
1229
1210
1228
1211
1227
1212
1226
1213
1217
1214
1216
1215
1216
1220
1217
1219
1218
1226
1219
1223
1225
1220
1222
1221
1222
1242
1223
1241
1224
1240
1225
1233
1239
1226
1232
1227
1228
1232
1229
1231
1230
1270
1231
1235
1269
1232
1234
1233
1234
1238
1235
1237
1236
1268
1237
1257
1267
1238
1256
1239
1255
1240
1254
1241
1245
1242
1244
1243
1244
1248
1245
1247
1246
1254
1247
1251
1253
1248
1250
1249
1250
1334
1251
1333
1252
1332
1253
1261
1331
1254
1260
1255
1256
1260
1257
1259
1258
1266
1259
1263
1265
1260
1262
1261
1262
1330
1263
1329
1264
1328
1265
1305
1327
1266
1304
1267
1299
1268
1298
1269
1277
1270
1276
1271
1272
1276
1273
1275
1274
1282
1275
1279
1281
1276
1278
1277
1278
1298
1279
1297
1280
1296
1281
1289
1295
1282
1288
1283
1284
1288
1285
1287
1286
1705
1287
1291
1704
1288
1290
1289
1290
1294
1291
1293
1292
1703
1293
1313
1702
1294
1312
1295
1311
1296
1310
1297
1301
1298
1300
1299
1300
1304
1301
1303
1302
1310
1303
1307
1309
1304
1306
1305
1306
1326
1307
1325
1308
1324
1309
1317
1323
1310
1316
1311
1312
1316
1313
1315
1314
1701
1315
1319
1700
1316
1318
1317
1318
1322
1319
1321
1320
1699
1321
1580
1698
1322
1579
1323
1578
1324
1577
1325
1568
1326
1567
1327
1566
1328
1565
1329
1524
1330
1523
1331
1522
1332
1521
1333
1512
1334
1511
1335
1510
1336
1509
1337
1421
1338
1420
1339
1419
1340
1418
1341
1409
1342
1408
1343
1407
1344
1406
1345
1365
1346
1364
1347
1363
1348
1362
1349
1353
1350
1352
1351
1352
1356
1353
1355
1354
1362
1355
1359
1361
1356
1358
1357
1358
1378
1359
1377
1360
1376
1361
1369
1375
1362
1368
1363
1364
1368
1365
1367
1366
1406
1367
1371
1405
1368
1370
1369
1370
1374
1371
1373
1372
1404
1373
1393
1403
1374
1392
1375
1391
1376
1390
1377
1381
1378
1380
1379
1380
1384
1381
1383
1382
1390
1383
1387
1389
1384
1386
1385
1386
1470
1387
1469
1388
1468
1389
1397
1467
1390
1396
1391
1392
1396
1393
1395
1394
1402
1395
1399
1401
1396
1398
1397
1398
1466
1399
1465
1400
1464
1401
1441
1463
1402
1440
1403
1435
1404
1434
1405
1413
1406
1412
1407
1408
1412
1409
1411
1410
1418
1411
1415
1417
1412
1414
1413
1414
1434
1415
1433
1416
1432
1417
1425
1431
1418
1424
1419
1420
1424
1421
1423
1422
1509
1423
1427
1508
1424
1426
1425
1426
1430
1427
1429
1428
1507
1429
1449
1506
1430
1448
1431
1447
1432
1446
1433
1437
1434
1436
1435
1436
1440
1437
1439
1438
1446
1439
1443
1445
1440
1442
1441
1442
1462
1443
1461
1444
1460
1445
1453
1459
1446
1452
1447
1448
1452
1449
1451
1450
1505
1451
1455
1504
1452
1454
1453
1454
1458
1455
1457
1456
1503
1457
1492
1502
1458
1491
1459
1490
1460
1489
1461
1484
1462
1483
1463
1482
1464
1481
1465
1477
1466
1476
1467
1475
1468
1474
1469
1473
1470
1472
1471
1472
1473
1474
1475
1476
1477
1479
1478
1481
1479
1480
1481
1487
1482
1483
1487
1484
1486
1485
1489
1486
1488
1487
1489
1495
1490
1491
1495
1492
1494
1493
1501
1494
1498
1500
1495
1497
1496
1497
1498
1499
1500
1636
1501
1635
1502
1630
1503
1629
1504
1544
1505
1543
1506
1538
1507
1537
1508
1516
1509
1515
1510
1511
1515
1512
1514
1513
1521
1514
1518
1520
1515
1517
1516
1517
1537
1518
1536
1519
1535
1520
1528
1534
1521
1527
1522
1523
1527
1524
1526
1525
1565
1526
1530
1564
1527
1529
1528
1529
1533
1530
1532
1531
1563
1532
1552
1562
1533
1551
1534
1550
1535
1549
1536
1540
1537
1539
1538
1539
1543
1540
1542
1541
1549
1542
1546
1548
1543
1545
1544
1545
1629
1546
1628
1547
1627
1548
1556
1626
1549
1555
1550
1551
1555
1552
1554
1553
1561
1554
1558
1560
1555
1557
1556
1557
1625
1558
1624
1559
1623
1560
1600
1622
1561
1599
1562
1594
1563
1593
1564
1572
1565
1571
1566
1567
1571
1568
1570
1569
1577
1570
1574
1576
1571
1573
1572
1573
1593
1574
1592
1575
1591
1576
1584
1590
1577
1583
1578
1579
1583
1580
1582
1581
1697
1582
1586
1696
1583
1585
1584
1585
1589
1586
1588
1587
1695
1588
1608
1694
1589
1607
1590
1606
1591
1605
1592
1596
1593
1595
1594
1595
1599
1596
1598
1597
1605
1598
1602
1604
1599
1601
1600
1601
1621
1602
1620
1603
1619
1604
1612
1618
1605
1611
1606
1607
1611
1608
1610
1609
1693
1610
1614
1692
1611
1613
1612
1613
1617
1614
1616
1615
1691
1616
1672
1690
1617
1671
1618
1670
1619
1669
1620
1660
1621
1659
1622
1658
1623
1657
1624
1644
1625
1643
1626
1642
1627
1641
1628
1632
1629
1631
1630
1631
1635
1632
1634
1633
1641
1634
1638
1640
1635
1637
1636
1637
1638
1639
1640
1648
1641
1647
1642
1643
1647
1644
1646
1645
1657
1646
1650
1656
1647
1649
1648
1649
1653
1650
1652
1651
1655
1652
1654
1653
1655
1685
1656
1664
1657
1663
1658
1659
1663
1660
1662
1661
1669
1662
1666
1668
1663
1665
1664
1665
1685
1666
1684
1667
1683
1668
1676
1682
1669
1675
1670
1671
1675
1672
1674
1673
1689
1674
1678
1688
1675
1677
1676
1677
1681
1678
1680
1679
1687
1680
1686
1681
1682
1683
1684
1685
1687
2213
1688
2192
1689
2191
1690
2186
1691
2185
1692
2100
1693
2099
1694
2094
1695
2093
1696
2072
1697
2071
1698
2066
1699
2065
1700
1868
1701
1867
1702
1862
1703
1861
1704
1840
1705
1839
1706
1834
1707
1833
1708
1748
1709
1747
1710
1742
1711
1741
1712
1720
1713
1719
1714
1715
1719
1716
1718
1717
1725
1718
1722
1724
1719
1721
1720
1721
1741
1722
1740
1723
1739
1724
1732
1738
1725
1731
1726
1727
1731
1728
1730
1729
1769
1730
1734
1768
1731
1733
1732
1733
1737
1734
1736
1735
1767
1736
1756
1766
1737
1755
1738
1754
1739
1753
1740
1744
1741
1743
1742
1743
1747
1744
1746
1745
1753
1746
1750
1752
1747
1749
1748
1749
1833
1750
1832
1751
1831
1752
1760
1830
1753
1759
1754
1755
1759
1756
1758
1757
1765
1758
1762
1764
1759
1761
1760
1761
1829
1762
1828
1763
1827
1764
1804
1826
1765
1803
1766
1798
1767
1797
1768
1776
1769
1775
1770
1771
1775
1772
1774
1773
1781
1774
1778
1780
1775
1777
1776
1777
1797
1778
1796
1779
1795
1780
1788
1794
1781
1787
1782
1783
1787
1784
1786
1785
1953
1786
1790
1952
1787
1789
1788
1789
1793
1790
1792
1791
1951
1792
1812
1950
1793
1811
1794
1810
1795
1809
1796
1800
1797
1799
1798
1799
1803
1800
1802
1801
1809
1802
1806
1808
1803
1805
1804
1805
1825
1806
1824
1807
1823
1808
1816
1822
1809
1815
1810
1811
1815
1812
1814
1813
1949
1814
1818
1948
1815
1817
1816
1817
1821
1818
1820
1819
1947
1820
1904
1946
1821
1903
1822
1902
1823
1901
1824
1892
1825
1891
1826
1890
1827
1889
1828
1848
1829
1847
1830
1846
1831
1845
1832
1836
1833
1835
1834
1835
1839
1836
1838
1837
1845
1838
1842
1844
1839
1841
1840
1841
1861
1842
1860
1843
1859
1844
1852
1858
1845
1851
1846
1847
1851
1848
1850
1849
1889
1850
1854
1888
1851
1853
1852
1853
1857
1854
1856
1855
1887
1856
1876
1886
1857
1875
1858
1874
1859
1873
1860
1864
1861
1863
1862
1863
1867
1864
1866
1865
1873
1866
1870
1872
1867
1869
1868
1869
2065
1870
2064
1871
2063
1872
1880
2062
1873
1879
1874
1875
1879
1876
1878
1877
1885
1878
1882
1884
1879
1881
1880
1881
2061
1882
2060
1883
2059
1884
1924
2058
1885
1923
1886
1918
1887
1917
1888
1896
1889
1895
1890
1891
1895
1892
1894
1893
1901
1894
1898
1900
1895
1897
1896
1897
1917
1898
1916
1899
1915
1900
1908
1914
1901
1907
1902
1903
1907
1904
1906
1905
1945
1906
1910
1944
1907
1909
1908
1909
1913
1910
1912
1911
1943
1912
1932
1942
1913
1931
1914
1930
1915
1929
1916
1920
1917
1919
1918
1919
1923
1920
1922
1921
1929
1922
1926
1928
1923
1925
1924
1925
2057
1926
2056
1927
2055
1928
1936
2054
1929
1935
1930
1931
1935
1932
1934
1933
1941
1934
1938
1940
1935
1937
1936
1937
2053
1938
2052
1939
2051
1940
2032
2050
1941
2031
1942
2026
1943
2025
1944
2008
1945
2007
1946
2002
1947
2001
1948
1984
1949
1983
1950
1978
1951
1977
1952
1960
1953
1959
1954
1955
1959
1956
1958
1957
1965
1958
1962
1964
1959
1961
1960
1961
1977
1962
1976
1963
1975
1964
1970
1974
1965
1969
1966
1967
1969
1968
1969
1971
1970
1971
1973
1972
1973
1991
1974
1990
1975
1989
1976
1980
1977
1979
1978
1979
1983
1980
1982
1981
1989
1982
1986
1988
1983
1985
1984
1985
2001
1986
2000
1987
1999
1988
1994
1998
1989
1993
1990
1991
1993
1992
1993
1995
1994
1995
1997
1996
1997
2015
1998
2014
1999
2013
2000
2004
2001
2003
2002
2003
2007
2004
2006
2005
2013
2006
2010
2012
2007
2009
2008
2009
2025
2010
2024
2011
2023
2012
2018
2022
2013
2017
2014
2015
2017
2016
2017
2019
2018
2019
2021
2020
2021
2039
2022
2038
2023
2037
2024
2028
2025
2027
2026
2027
2031
2028
2030
2029
2037
2030
2034
2036
2031
2033
2032
2033
2049
2034
2048
2035
2047
2036
2042
2046
2037
2041
2038
2039
2041
2040
2041
2043
2042
2043
2045
2044
2045
2271
2046
2270
2047
2269
2048
2260
2049
2259
2050
2258
2051
2257
2052
2136
2053
2135
2054
2134
2055
2133
2056
2124
2057
2123
2058
2122
2059
2121
2060
2080
2061
2079
2062
2078
2063
2077
2064
2068
2065
2067
2066
2067
2071
2068
2070
2069
2077
2070
2074
2076
2071
2073
2072
2073
2093
2074
2092
2075
2091
2076
2084
2090
2077
2083
2078
2079
2083
2080
2082
2081
2121
2082
2086
2120
2083
2085
2084
2085
2089
2086
2088
2087
2119
2088
2108
2118
2089
2107
2090
2106
2091
2105
2092
2096
2093
2095
2094
2095
2099
2096
2098
2097
2105
2098
2102
2104
2099
2101
2100
2101
2185
2102
2184
2103
2183
2104
2112
2182
2105
2111
2106
2107
2111
2108
2110
2109
2117
2110
2114
2116
2111
2113
2112
2113
2181
2114
2180
2115
2179
2116
2156
2178
2117
2155
2118
2150
2119
2149
2120
2128
2121
2127
2122
2123
2127
2124
2126
2125
2133
2126
2130
2132
2127
2129
2128
2129
2149
2130
2148
2131
2147
2132
2140
2146
2133
2139
2134
2135
2139
2136
2138
2137
2257
2138
2142
2256
2139
2141
2140
2141
2145
2142
2144
2143
2255
2144
2164
2254
2145
2163
2146
2162
2147
2161
2148
2152
2149
2151
2150
2151
2155
2152
2154
2153
2161
2154
2158
2160
2155
2157
2156
2157
2177
2158
2176
2159
2175
2160
2168
2174
2161
2167
2162
2163
2167
2164
2166
2165
2253
2166
2170
2252
2167
2169
2168
2169
2173
2170
2172
2171
2251
2172
2232
2250
2173
2231
2174
2230
2175
2229
2176
2220
2177
2219
2178
2218
2179
2217
2180
2200
2181
2199
2182
2198
2183
2197
2184
2188
2185
2187
2186
2187
2191
2188
2190
2189
2197
2190
2194
2196
2191
2193
2192
2193
2213
2194
2212
2195
2211
2196
2204
2210
2197
2203
2198
2199
2203
2200
2202
2201
2217
2202
2206
2216
2203
2205
2204
2205
2209
2206
2208
2207
2215
2208
2214
2209
2210
2211
2212
2213
2215
2245
2216
2224
2217
2223
2218
2219
2223
2220
2222
2221
2229
2222
2226
2228
2223
2225
2224
2225
2245
2226
2244
2227
2243
2228
2236
2242
2229
2235
2230
2231
2235
2232
2234
2233
2249
2234
2238
2248
2235
2237
2236
2237
2241
2238
2240
2239
2247
2240
2246
2241
2242
2243
2244
2245
2247
2329
2248
2312
2249
2311
2250
2306
2251
2305
2252
2288
2253
2287
2254
2282
2255
2281
2256
2264
2257
2263
2258
2259
2263
2260
2262
2261
2269
2262
2266
2268
2263
2265
2264
2265
2281
2266
2280
2267
2279
2268
2274
2278
2269
2273
2270
2271
2273
2272
2273
2275
2274
2275
2277
2276
2277
2295
2278
2294
2279
2293
2280
2284
2281
2283
2282
2283
2287
2284
2286
2285
2293
2286
2290
2292
2287
2289
2288
2289
2305
2290
2304
2291
2303
2292
2298
2302
2293
2297
2294
2295
2297
2296
2297
2299
2298
2299
2301
2300
2301
2319
2302
2318
2303
2317
2304
2308
2305
2307
2306
2307
2311
2308
2310
2309
2317
2310
2314
2316
2311
2313
2312
2313
2329
2314
2328
2315
2327
2316
2322
2326
2317
2321
2318
2319
2321
2320
2321
2323
2322
2323
2325
2324
2325
2326
2327
2328
2329
2331
2332
2333
2334
2335
2336
2337
2338
2339
2340
2341
2342
2343
2344
2345
2346
2347
2348
2349
2350
2351
2352
2353
2354
2355
2356
2357
2358
2359
2360
2361
)


// ************************************************************************* //
