/*--------------------------------*- C++ -*----------------------------------*\
| =========                 |                                                 |
| \\      /  F ield         | OpenFOAM: The Open Source CFD Toolbox           |
|  \\    /   O peration     | Version:  2306                                  |
|   \\  /    A nd           | Website:  www.openfoam.com                      |
|    \\/     M anipulation  |                                                 |
\*---------------------------------------------------------------------------*/
FoamFile
{
    version     2.0;
    format      ascii;
    arch        "LSB;label=32;scalar=64";
    note        "nPoints:4940  nCells:2362  nFaces:9555  nInternalFaces:4617";
    class       labelList;
    location    "constant/polyMesh";
    object      owner;
}
// * * * * * * * * * * * * * * * * * * * * * * * * * * * * * * * * * * * * * //


9555
(
0
0
0
0
1
1
2
3
4
4
5
5
6
6
7
7
8
8
9
9
10
10
11
11
12
12
13
13
14
14
15
15
16
16
17
17
18
18
19
19
20
20
21
21
22
22
23
23
24
24
25
25
26
26
27
27
28
28
29
29
30
30
31
31
32
32
33
33
34
34
35
36
36
37
37
38
38
39
39
40
40
41
41
42
42
43
43
44
44
45
45
46
46
47
47
48
48
49
49
50
50
51
51
52
52
53
53
54
54
55
55
56
56
57
57
58
58
59
59
60
60
61
61
62
62
63
63
64
64
65
65
66
66
67
67
68
68
69
69
70
70
71
71
72
72
73
73
74
74
75
75
76
76
77
77
78
78
79
79
80
80
81
81
82
82
83
83
84
84
85
85
86
86
87
87
88
88
89
89
90
90
91
91
92
92
93
93
94
94
95
95
96
96
97
97
98
98
99
99
100
100
101
101
102
102
103
103
104
104
105
105
106
106
107
107
108
108
109
109
110
110
111
112
112
113
113
113
114
114
114
115
115
115
116
116
116
117
117
117
118
118
118
119
119
119
120
120
120
121
121
121
122
122
122
123
123
123
124
124
124
125
125
125
126
126
126
127
127
127
128
128
128
129
129
129
130
130
130
131
131
131
132
132
132
133
133
133
134
134
134
135
135
135
136
136
136
137
137
137
138
138
138
139
139
139
140
140
140
141
141
141
142
142
142
143
143
143
144
144
145
145
146
146
147
147
148
148
149
149
150
150
150
151
151
152
152
153
153
154
155
155
156
156
157
157
158
158
158
159
159
160
161
161
162
162
163
163
164
164
164
165
165
166
167
167
168
168
169
169
170
170
170
171
171
172
172
173
173
174
175
175
176
176
177
177
178
178
179
179
180
180
181
181
182
182
182
183
183
184
184
185
185
186
186
187
187
188
189
189
190
190
191
191
192
192
192
193
193
194
195
195
196
196
197
197
198
198
198
199
199
200
201
201
202
202
203
203
204
204
204
205
205
206
207
207
208
208
209
209
210
210
210
211
211
212
212
213
213
214
215
215
216
216
217
217
218
218
219
219
220
220
221
221
222
222
222
223
223
224
224
225
225
226
226
227
227
228
229
229
230
230
231
231
232
232
232
233
233
234
235
235
236
236
237
237
238
238
238
239
239
240
241
241
242
242
243
243
244
244
244
245
245
246
247
247
248
248
249
249
250
250
250
251
251
252
252
253
253
254
255
255
256
256
257
257
258
258
259
260
260
260
261
261
262
262
263
263
264
264
265
265
266
267
267
268
268
269
269
270
270
270
271
271
272
273
273
274
274
275
275
276
276
276
277
277
278
279
279
280
280
281
281
282
282
282
283
283
284
285
285
286
286
287
287
288
288
288
289
289
290
290
291
292
292
292
293
293
294
294
295
295
296
296
297
297
298
299
299
300
300
301
301
302
302
302
303
303
304
305
305
306
306
307
307
308
308
308
309
309
310
311
311
312
312
313
313
314
314
314
315
315
316
317
317
318
318
319
319
320
320
320
321
321
322
322
323
324
324
324
325
325
326
326
327
327
328
328
329
329
330
331
331
332
332
333
333
334
334
334
335
335
336
337
337
338
338
339
339
340
340
340
341
341
342
343
343
344
344
345
345
346
346
346
347
347
348
349
349
350
350
351
351
352
352
352
353
353
354
354
355
356
356
356
357
357
358
358
359
359
360
360
361
361
362
363
363
364
364
365
365
366
366
366
367
367
368
369
369
370
370
371
371
372
372
372
373
373
374
375
375
376
376
377
377
378
378
378
379
379
380
381
381
382
382
383
383
384
384
384
385
385
386
386
387
388
388
388
389
389
390
390
391
391
392
392
393
393
394
395
395
396
396
397
397
398
398
398
399
399
400
401
401
402
402
403
403
404
404
404
405
405
406
407
407
408
408
409
409
410
410
410
411
411
412
413
413
414
414
415
415
416
416
416
417
417
418
418
419
420
420
421
421
422
422
423
423
424
424
425
426
426
427
427
428
428
429
429
429
430
430
431
432
432
433
433
434
434
435
435
435
436
436
437
438
438
439
440
440
441
442
442
443
444
444
445
445
446
446
447
447
448
448
449
449
450
450
451
451
452
452
453
453
454
454
455
455
456
456
457
457
458
458
459
459
460
460
461
461
462
462
463
463
464
464
465
465
466
466
467
467
468
468
469
469
470
470
471
471
472
472
473
473
474
474
475
475
476
476
477
477
478
478
479
479
480
480
481
481
482
482
483
483
484
484
485
485
486
486
487
487
488
488
489
489
490
490
491
491
492
492
493
493
494
494
495
495
496
496
497
497
498
498
499
499
500
500
501
501
502
502
503
503
504
504
505
505
506
506
507
507
508
508
509
509
510
510
511
512
512
513
513
514
514
514
515
516
516
517
517
518
518
518
519
519
520
521
521
522
522
523
523
524
524
524
525
525
526
527
527
528
528
529
529
530
530
530
531
531
532
532
533
533
534
534
535
536
536
537
537
538
538
538
539
540
540
541
541
542
542
542
543
543
544
545
545
546
546
547
547
548
548
548
549
549
550
551
551
552
552
553
553
554
554
554
555
555
556
556
557
557
558
558
559
559
560
561
561
562
562
563
563
564
564
564
565
565
566
567
567
568
568
569
569
570
570
570
571
571
572
573
573
574
574
575
575
576
576
576
577
577
578
579
579
580
580
581
581
582
582
582
583
583
584
584
585
585
586
586
587
587
588
589
589
590
590
591
591
592
592
592
593
593
594
595
595
596
596
597
597
598
598
598
599
599
600
601
601
602
602
603
603
604
604
604
605
605
606
607
607
608
608
609
609
610
610
610
611
611
612
612
613
613
614
614
615
615
616
616
617
617
618
618
619
619
620
620
621
621
622
622
623
624
624
625
625
626
626
626
627
628
628
629
629
630
630
630
631
631
632
633
633
634
634
635
635
636
636
636
637
637
638
639
639
640
640
641
641
642
642
642
643
643
644
644
645
645
646
646
647
648
648
649
649
650
650
650
651
652
652
653
653
654
654
654
655
655
656
657
657
658
658
659
659
660
660
660
661
661
662
663
663
664
664
665
665
666
666
666
667
667
668
668
669
669
670
670
671
671
672
673
673
674
674
675
675
676
676
676
677
677
678
679
679
680
680
681
681
682
682
682
683
683
684
685
685
686
686
687
687
688
688
688
689
689
690
691
691
692
692
693
693
694
694
694
695
695
696
696
697
697
698
698
699
699
700
701
701
702
702
703
703
704
704
704
705
705
706
707
707
708
708
709
709
710
710
710
711
711
712
713
713
714
714
715
715
716
716
716
717
717
718
719
719
720
720
721
721
722
722
722
723
723
724
724
725
725
726
726
727
727
728
728
729
729
730
730
731
731
732
732
733
733
734
734
735
736
737
737
738
738
739
739
740
740
740
741
741
742
743
743
744
744
745
745
746
746
746
747
747
748
749
749
750
750
751
751
752
752
752
753
753
754
754
755
755
756
757
758
758
759
759
760
760
761
761
762
762
762
763
764
766
767
767
768
768
769
769
770
770
771
771
772
772
773
774
774
775
775
776
776
777
777
777
778
778
779
780
780
781
781
782
782
783
783
783
784
784
785
786
786
787
787
788
788
789
789
789
790
790
791
792
792
793
793
794
794
795
795
795
796
796
797
797
798
798
799
799
800
800
801
802
802
803
803
804
804
805
805
805
806
806
807
808
809
810
810
811
811
811
812
812
813
814
814
815
815
816
816
817
817
817
818
818
819
820
820
821
821
822
822
823
823
823
824
824
825
826
828
829
830
830
831
831
832
832
833
833
834
834
835
835
836
836
837
837
838
838
839
839
840
840
841
841
842
842
843
843
844
844
845
845
846
846
847
847
848
848
849
849
850
850
851
851
852
852
853
853
854
855
855
856
856
857
857
858
858
858
859
859
860
861
861
862
862
863
863
864
864
864
865
865
866
867
867
868
868
869
869
870
870
870
871
871
872
873
873
874
874
875
875
876
876
876
877
877
878
878
879
879
880
880
881
881
882
883
883
884
884
885
885
886
886
886
887
887
888
889
889
890
890
891
891
892
892
892
893
893
894
895
895
896
896
897
897
898
898
898
899
899
900
901
901
902
902
903
903
904
904
904
905
905
906
906
907
907
908
908
909
909
910
911
911
912
912
913
913
914
914
914
915
915
916
917
917
918
918
919
919
920
920
920
921
921
922
923
923
924
924
925
925
926
926
926
927
927
928
929
929
930
930
931
931
932
932
932
933
933
934
934
935
935
936
936
937
937
938
939
939
940
940
941
941
942
942
942
943
943
944
945
945
946
946
947
947
948
948
948
949
949
950
951
951
952
952
953
953
954
954
954
955
955
956
957
957
958
958
959
959
960
960
960
961
961
962
962
963
963
964
964
965
965
966
966
967
967
968
968
969
969
970
970
971
971
972
972
973
973
974
975
975
976
976
977
977
978
978
978
979
979
980
981
981
982
982
983
983
984
984
984
985
985
986
987
987
988
988
989
989
990
990
990
991
991
992
993
993
994
994
995
995
996
996
996
997
997
998
998
999
999
1000
1000
1001
1001
1002
1003
1003
1004
1004
1005
1005
1006
1006
1006
1007
1007
1008
1009
1009
1010
1010
1011
1011
1012
1012
1012
1013
1013
1014
1015
1015
1016
1016
1017
1017
1018
1018
1018
1019
1019
1020
1021
1021
1022
1022
1023
1023
1024
1024
1024
1025
1025
1026
1026
1027
1027
1028
1028
1029
1029
1030
1031
1031
1032
1032
1033
1033
1034
1034
1034
1035
1035
1036
1037
1037
1038
1038
1039
1039
1040
1040
1040
1041
1041
1042
1043
1043
1044
1044
1045
1045
1046
1046
1046
1047
1047
1048
1049
1049
1050
1050
1051
1051
1052
1052
1052
1053
1053
1054
1054
1055
1055
1056
1056
1057
1057
1058
1059
1059
1060
1060
1061
1061
1062
1062
1062
1063
1063
1064
1065
1065
1066
1066
1067
1067
1068
1068
1068
1069
1069
1070
1071
1071
1072
1072
1073
1073
1074
1074
1074
1075
1075
1076
1077
1077
1078
1078
1079
1079
1080
1080
1080
1081
1081
1082
1082
1083
1083
1084
1084
1085
1085
1086
1086
1087
1087
1088
1088
1089
1089
1090
1090
1091
1091
1092
1092
1093
1093
1094
1095
1095
1096
1096
1097
1097
1098
1098
1098
1099
1099
1100
1101
1101
1102
1102
1103
1103
1104
1104
1104
1105
1105
1106
1107
1107
1108
1108
1109
1109
1110
1110
1110
1111
1111
1112
1113
1113
1114
1114
1115
1115
1116
1116
1116
1117
1117
1118
1118
1119
1119
1120
1120
1121
1121
1122
1123
1123
1124
1124
1125
1125
1126
1126
1126
1127
1127
1128
1129
1129
1130
1130
1131
1131
1132
1132
1132
1133
1133
1134
1135
1135
1136
1136
1137
1137
1138
1138
1138
1139
1139
1140
1141
1141
1142
1142
1143
1143
1144
1144
1144
1145
1145
1146
1146
1147
1147
1148
1148
1149
1149
1150
1151
1151
1152
1152
1153
1153
1154
1154
1154
1155
1155
1156
1157
1157
1158
1158
1159
1159
1160
1160
1160
1161
1161
1162
1163
1163
1164
1164
1165
1165
1166
1166
1166
1167
1167
1168
1169
1169
1170
1170
1171
1171
1172
1172
1172
1173
1173
1174
1174
1175
1175
1176
1176
1177
1177
1178
1179
1179
1180
1180
1181
1181
1182
1182
1182
1183
1183
1184
1185
1185
1186
1186
1187
1187
1188
1188
1188
1189
1189
1190
1191
1191
1192
1192
1193
1193
1194
1194
1194
1195
1195
1196
1197
1197
1198
1198
1199
1199
1200
1200
1200
1201
1201
1202
1202
1203
1203
1204
1204
1205
1205
1206
1206
1207
1207
1208
1208
1209
1209
1210
1210
1211
1211
1212
1212
1213
1213
1214
1215
1215
1216
1216
1217
1217
1218
1218
1218
1219
1219
1220
1221
1221
1222
1222
1223
1223
1224
1224
1224
1225
1225
1226
1227
1227
1228
1228
1229
1229
1230
1230
1230
1231
1231
1232
1233
1233
1234
1234
1235
1235
1236
1236
1236
1237
1237
1238
1238
1239
1239
1240
1240
1241
1241
1242
1243
1243
1244
1244
1245
1245
1246
1246
1246
1247
1247
1248
1249
1249
1250
1250
1251
1251
1252
1252
1252
1253
1253
1254
1255
1255
1256
1256
1257
1257
1258
1258
1258
1259
1259
1260
1261
1261
1262
1262
1263
1263
1264
1264
1264
1265
1265
1266
1266
1267
1267
1268
1268
1269
1269
1270
1271
1271
1272
1272
1273
1273
1274
1274
1274
1275
1275
1276
1277
1277
1278
1278
1279
1279
1280
1280
1280
1281
1281
1282
1283
1283
1284
1284
1285
1285
1286
1286
1286
1287
1287
1288
1289
1289
1290
1290
1291
1291
1292
1292
1292
1293
1293
1294
1294
1295
1295
1296
1296
1297
1297
1298
1299
1299
1300
1300
1301
1301
1302
1302
1302
1303
1303
1304
1305
1305
1306
1306
1307
1307
1308
1308
1308
1309
1309
1310
1311
1311
1312
1312
1313
1313
1314
1314
1314
1315
1315
1316
1317
1317
1318
1318
1319
1319
1320
1320
1320
1321
1321
1322
1322
1323
1323
1324
1324
1325
1325
1326
1326
1327
1327
1328
1328
1329
1329
1330
1330
1331
1331
1332
1332
1333
1333
1334
1334
1335
1335
1336
1336
1337
1337
1338
1338
1339
1339
1340
1340
1341
1341
1342
1342
1343
1343
1344
1344
1345
1345
1346
1346
1347
1347
1348
1348
1349
1349
1350
1351
1351
1352
1352
1353
1353
1354
1354
1354
1355
1355
1356
1357
1357
1358
1358
1359
1359
1360
1360
1360
1361
1361
1362
1363
1363
1364
1364
1365
1365
1366
1366
1366
1367
1367
1368
1369
1369
1370
1370
1371
1371
1372
1372
1372
1373
1373
1374
1374
1375
1375
1376
1376
1377
1377
1378
1379
1379
1380
1380
1381
1381
1382
1382
1382
1383
1383
1384
1385
1385
1386
1386
1387
1387
1388
1388
1388
1389
1389
1390
1391
1391
1392
1392
1393
1393
1394
1394
1394
1395
1395
1396
1397
1397
1398
1398
1399
1399
1400
1400
1400
1401
1401
1402
1402
1403
1403
1404
1404
1405
1405
1406
1407
1407
1408
1408
1409
1409
1410
1410
1410
1411
1411
1412
1413
1413
1414
1414
1415
1415
1416
1416
1416
1417
1417
1418
1419
1419
1420
1420
1421
1421
1422
1422
1422
1423
1423
1424
1425
1425
1426
1426
1427
1427
1428
1428
1428
1429
1429
1430
1430
1431
1431
1432
1432
1433
1433
1434
1435
1435
1436
1436
1437
1437
1438
1438
1438
1439
1439
1440
1441
1441
1442
1442
1443
1443
1444
1444
1444
1445
1445
1446
1447
1447
1448
1448
1449
1449
1450
1450
1450
1451
1451
1452
1453
1453
1454
1454
1455
1455
1456
1456
1456
1457
1457
1458
1458
1459
1459
1460
1460
1461
1461
1462
1462
1463
1463
1464
1464
1465
1465
1466
1466
1467
1467
1468
1468
1469
1469
1470
1471
1472
1473
1474
1475
1476
1476
1477
1477
1478
1478
1480
1480
1481
1482
1482
1483
1483
1484
1484
1485
1485
1486
1488
1488
1489
1490
1490
1491
1491
1492
1492
1493
1493
1493
1494
1494
1495
1496
1497
1498
1499
1499
1500
1500
1501
1501
1502
1502
1503
1503
1504
1504
1505
1505
1506
1506
1507
1507
1508
1508
1509
1510
1510
1511
1511
1512
1512
1513
1513
1513
1514
1514
1515
1516
1516
1517
1517
1518
1518
1519
1519
1519
1520
1520
1521
1522
1522
1523
1523
1524
1524
1525
1525
1525
1526
1526
1527
1528
1528
1529
1529
1530
1530
1531
1531
1531
1532
1532
1533
1533
1534
1534
1535
1535
1536
1536
1537
1538
1538
1539
1539
1540
1540
1541
1541
1541
1542
1542
1543
1544
1544
1545
1545
1546
1546
1547
1547
1547
1548
1548
1549
1550
1550
1551
1551
1552
1552
1553
1553
1553
1554
1554
1555
1556
1556
1557
1557
1558
1558
1559
1559
1559
1560
1560
1561
1561
1562
1562
1563
1563
1564
1564
1565
1566
1566
1567
1567
1568
1568
1569
1569
1569
1570
1570
1571
1572
1572
1573
1573
1574
1574
1575
1575
1575
1576
1576
1577
1578
1578
1579
1579
1580
1580
1581
1581
1581
1582
1582
1583
1584
1584
1585
1585
1586
1586
1587
1587
1587
1588
1588
1589
1589
1590
1590
1591
1591
1592
1592
1593
1594
1594
1595
1595
1596
1596
1597
1597
1597
1598
1598
1599
1600
1600
1601
1601
1602
1602
1603
1603
1603
1604
1604
1605
1606
1606
1607
1607
1608
1608
1609
1609
1609
1610
1610
1611
1612
1612
1613
1613
1614
1614
1615
1615
1615
1616
1616
1617
1617
1618
1618
1619
1619
1620
1620
1621
1621
1622
1622
1623
1623
1624
1624
1625
1625
1626
1626
1627
1627
1628
1628
1629
1630
1630
1631
1631
1632
1632
1633
1633
1633
1634
1634
1635
1636
1637
1638
1639
1639
1640
1640
1641
1642
1642
1643
1643
1644
1644
1645
1645
1645
1646
1646
1647
1648
1648
1649
1649
1650
1650
1651
1651
1652
1654
1654
1655
1655
1656
1656
1657
1658
1658
1659
1659
1660
1660
1661
1661
1661
1662
1662
1663
1664
1664
1665
1665
1666
1666
1667
1667
1667
1668
1668
1669
1670
1670
1671
1671
1672
1672
1673
1673
1673
1674
1674
1675
1676
1676
1677
1677
1678
1678
1679
1679
1680
1681
1682
1683
1684
1686
1686
1687
1687
1688
1688
1689
1689
1690
1690
1691
1691
1692
1692
1693
1693
1694
1694
1695
1695
1696
1696
1697
1697
1698
1698
1699
1699
1700
1700
1701
1701
1702
1702
1703
1703
1704
1704
1705
1705
1706
1706
1707
1707
1708
1708
1709
1709
1710
1710
1711
1711
1712
1712
1713
1714
1714
1715
1715
1716
1716
1717
1717
1717
1718
1718
1719
1720
1720
1721
1721
1722
1722
1723
1723
1723
1724
1724
1725
1726
1726
1727
1727
1728
1728
1729
1729
1729
1730
1730
1731
1732
1732
1733
1733
1734
1734
1735
1735
1735
1736
1736
1737
1737
1738
1738
1739
1739
1740
1740
1741
1742
1742
1743
1743
1744
1744
1745
1745
1745
1746
1746
1747
1748
1748
1749
1749
1750
1750
1751
1751
1751
1752
1752
1753
1754
1754
1755
1755
1756
1756
1757
1757
1757
1758
1758
1759
1760
1760
1761
1761
1762
1762
1763
1763
1763
1764
1764
1765
1765
1766
1766
1767
1767
1768
1768
1769
1770
1770
1771
1771
1772
1772
1773
1773
1773
1774
1774
1775
1776
1776
1777
1777
1778
1778
1779
1779
1779
1780
1780
1781
1782
1782
1783
1783
1784
1784
1785
1785
1785
1786
1786
1787
1788
1788
1789
1789
1790
1790
1791
1791
1791
1792
1792
1793
1793
1794
1794
1795
1795
1796
1796
1797
1798
1798
1799
1799
1800
1800
1801
1801
1801
1802
1802
1803
1804
1804
1805
1805
1806
1806
1807
1807
1807
1808
1808
1809
1810
1810
1811
1811
1812
1812
1813
1813
1813
1814
1814
1815
1816
1816
1817
1817
1818
1818
1819
1819
1819
1820
1820
1821
1821
1822
1822
1823
1823
1824
1824
1825
1825
1826
1826
1827
1827
1828
1828
1829
1829
1830
1830
1831
1831
1832
1832
1833
1834
1834
1835
1835
1836
1836
1837
1837
1837
1838
1838
1839
1840
1840
1841
1841
1842
1842
1843
1843
1843
1844
1844
1845
1846
1846
1847
1847
1848
1848
1849
1849
1849
1850
1850
1851
1852
1852
1853
1853
1854
1854
1855
1855
1855
1856
1856
1857
1857
1858
1858
1859
1859
1860
1860
1861
1862
1862
1863
1863
1864
1864
1865
1865
1865
1866
1866
1867
1868
1868
1869
1869
1870
1870
1871
1871
1871
1872
1872
1873
1874
1874
1875
1875
1876
1876
1877
1877
1877
1878
1878
1879
1880
1880
1881
1881
1882
1882
1883
1883
1883
1884
1884
1885
1885
1886
1886
1887
1887
1888
1888
1889
1890
1890
1891
1891
1892
1892
1893
1893
1893
1894
1894
1895
1896
1896
1897
1897
1898
1898
1899
1899
1899
1900
1900
1901
1902
1902
1903
1903
1904
1904
1905
1905
1905
1906
1906
1907
1908
1908
1909
1909
1910
1910
1911
1911
1911
1912
1912
1913
1913
1914
1914
1915
1915
1916
1916
1917
1918
1918
1919
1919
1920
1920
1921
1921
1921
1922
1922
1923
1924
1924
1925
1925
1926
1926
1927
1927
1927
1928
1928
1929
1930
1930
1931
1931
1932
1932
1933
1933
1933
1934
1934
1935
1936
1936
1937
1937
1938
1938
1939
1939
1939
1940
1940
1941
1941
1942
1942
1943
1943
1944
1944
1945
1945
1946
1946
1947
1947
1948
1948
1949
1949
1950
1950
1951
1951
1952
1952
1953
1954
1954
1955
1955
1956
1956
1957
1957
1957
1958
1958
1959
1960
1960
1961
1961
1962
1962
1963
1963
1963
1964
1964
1965
1966
1966
1967
1968
1968
1969
1970
1970
1971
1972
1972
1973
1973
1974
1974
1975
1975
1976
1976
1977
1978
1978
1979
1979
1980
1980
1981
1981
1981
1982
1982
1983
1984
1984
1985
1985
1986
1986
1987
1987
1987
1988
1988
1989
1990
1990
1991
1992
1992
1993
1994
1994
1995
1996
1996
1997
1997
1998
1998
1999
1999
2000
2000
2001
2002
2002
2003
2003
2004
2004
2005
2005
2005
2006
2006
2007
2008
2008
2009
2009
2010
2010
2011
2011
2011
2012
2012
2013
2014
2014
2015
2016
2016
2017
2018
2018
2019
2020
2020
2021
2021
2022
2022
2023
2023
2024
2024
2025
2026
2026
2027
2027
2028
2028
2029
2029
2029
2030
2030
2031
2032
2032
2033
2033
2034
2034
2035
2035
2035
2036
2036
2037
2038
2038
2039
2040
2040
2041
2042
2042
2043
2044
2044
2045
2045
2046
2046
2047
2047
2048
2048
2049
2049
2050
2050
2051
2051
2052
2052
2053
2053
2054
2054
2055
2055
2056
2056
2057
2057
2058
2058
2059
2059
2060
2060
2061
2061
2062
2062
2063
2063
2064
2064
2065
2066
2066
2067
2067
2068
2068
2069
2069
2069
2070
2070
2071
2072
2072
2073
2073
2074
2074
2075
2075
2075
2076
2076
2077
2078
2078
2079
2079
2080
2080
2081
2081
2081
2082
2082
2083
2084
2084
2085
2085
2086
2086
2087
2087
2087
2088
2088
2089
2089
2090
2090
2091
2091
2092
2092
2093
2094
2094
2095
2095
2096
2096
2097
2097
2097
2098
2098
2099
2100
2100
2101
2101
2102
2102
2103
2103
2103
2104
2104
2105
2106
2106
2107
2107
2108
2108
2109
2109
2109
2110
2110
2111
2112
2112
2113
2113
2114
2114
2115
2115
2115
2116
2116
2117
2117
2118
2118
2119
2119
2120
2120
2121
2122
2122
2123
2123
2124
2124
2125
2125
2125
2126
2126
2127
2128
2128
2129
2129
2130
2130
2131
2131
2131
2132
2132
2133
2134
2134
2135
2135
2136
2136
2137
2137
2137
2138
2138
2139
2140
2140
2141
2141
2142
2142
2143
2143
2143
2144
2144
2145
2145
2146
2146
2147
2147
2148
2148
2149
2150
2150
2151
2151
2152
2152
2153
2153
2153
2154
2154
2155
2156
2156
2157
2157
2158
2158
2159
2159
2159
2160
2160
2161
2162
2162
2163
2163
2164
2164
2165
2165
2165
2166
2166
2167
2168
2168
2169
2169
2170
2170
2171
2171
2171
2172
2172
2173
2173
2174
2174
2175
2175
2176
2176
2177
2177
2178
2178
2179
2179
2180
2180
2181
2181
2182
2182
2183
2183
2184
2184
2185
2186
2186
2187
2187
2188
2188
2189
2189
2189
2190
2190
2191
2192
2192
2193
2193
2194
2194
2195
2195
2195
2196
2196
2197
2198
2198
2199
2199
2200
2200
2201
2201
2201
2202
2202
2203
2204
2204
2205
2205
2206
2206
2207
2207
2208
2209
2210
2211
2212
2214
2214
2215
2215
2216
2216
2217
2218
2218
2219
2219
2220
2220
2221
2221
2221
2222
2222
2223
2224
2224
2225
2225
2226
2226
2227
2227
2227
2228
2228
2229
2230
2230
2231
2231
2232
2232
2233
2233
2233
2234
2234
2235
2236
2236
2237
2237
2238
2238
2239
2239
2240
2241
2242
2243
2244
2246
2246
2247
2247
2248
2248
2249
2249
2250
2250
2251
2251
2252
2252
2253
2253
2254
2254
2255
2255
2256
2256
2257
2258
2258
2259
2259
2260
2260
2261
2261
2261
2262
2262
2263
2264
2264
2265
2265
2266
2266
2267
2267
2267
2268
2268
2269
2270
2270
2271
2272
2272
2273
2274
2274
2275
2276
2276
2277
2277
2278
2278
2279
2279
2280
2280
2281
2282
2282
2283
2283
2284
2284
2285
2285
2285
2286
2286
2287
2288
2288
2289
2289
2290
2290
2291
2291
2291
2292
2292
2293
2294
2294
2295
2296
2296
2297
2298
2298
2299
2300
2300
2301
2301
2302
2302
2303
2303
2304
2304
2305
2306
2306
2307
2307
2308
2308
2309
2309
2309
2310
2310
2311
2312
2312
2313
2313
2314
2314
2315
2315
2315
2316
2316
2317
2318
2318
2319
2320
2320
2321
2322
2322
2323
2324
2325
2326
2327
2328
2330
2331
2332
2333
2334
2335
2336
2337
2338
2339
2340
2341
2342
2343
2344
2345
2346
2347
2348
2349
2350
2351
2352
2353
2354
2355
2356
2357
2358
2359
2360
1
111
110
109
108
107
106
105
104
103
102
101
100
99
98
97
96
95
94
93
92
91
90
89
88
87
86
85
84
2
3
4
5
6
7
8
9
10
11
12
13
14
15
16
17
18
19
20
21
22
23
24
25
26
27
28
29
30
31
32
33
34
35
2
83
82
81
80
79
78
76
77
75
74
73
72
71
70
69
67
68
66
65
64
63
62
61
59
60
58
57
56
55
54
53
52
50
51
49
48
46
47
45
44
43
41
42
40
39
37
38
36
1
111
110
109
108
107
106
105
104
103
102
101
100
99
98
97
96
95
94
93
92
91
90
89
88
87
86
85
84
3
4
5
6
7
8
9
10
11
12
13
14
15
16
17
18
19
20
21
22
23
24
25
26
27
28
29
30
31
32
33
34
35
83
82
81
80
79
78
76
77
75
74
73
72
71
70
69
67
68
66
65
64
63
62
61
59
60
58
57
56
55
54
53
52
50
51
49
48
46
47
45
44
43
41
42
40
39
37
38
36
0
2361
2360
2359
2358
112
2324
2325
2326
2327
2328
2329
2246
113
2323
114
2320
2322
2315
2321
2316
115
2319
116
2300
2318
2317
2301
2302
2314
2313
2309
2310
2312
2247
2311
2248
2308
2307
2303
2304
2306
2249
2305
2250
2357
2356
2355
2354
2353
2352
2351
2350
117
2299
118
2296
2298
2291
2297
2292
119
2295
120
2276
2294
2293
2277
2278
2290
2289
2285
2286
2288
2251
2287
2252
2284
2283
2279
351
2280
350
2282
346
2253
347
2281
349
2254
340
121
348
2275
341
122
345
2272
344
2274
324
2267
325
2273
343
2268
342
123
326
2271
327
124
339
2044
338
2270
334
2269
335
2045
337
2046
320
2266
336
2265
321
2261
333
2262
332
2264
328
2255
329
2263
331
2256
322
2260
330
2259
323
2047
2048
2258
2257
2049
2050
2239
2240
2241
2242
2243
2244
2245
2214
2238
2237
2233
2234
2236
2227
2235
2228
2232
2231
2171
2172
2230
2229
2173
319
2174
318
2226
314
2225
315
2221
317
2222
308
2224
316
2215
309
2223
313
2216
312
2220
292
2219
293
2175
311
2176
310
2218
294
2217
295
2177
307
2178
306
2207
302
303
2208
305
2209
288
304
2210
289
2211
301
300
2212
296
2213
297
299
1686
290
2206
298
2205
291
2201
2202
2204
2195
2203
2196
2200
2199
2179
2180
2198
2197
2181
2182
2194
2193
2189
2190
2192
1687
2191
1688
2188
2187
2183
2184
2186
1689
2185
1690
2170
2169
2165
2166
2168
2159
2167
2160
2164
2163
2143
2144
2162
2161
2145
2146
2158
2157
2153
2154
2156
2115
2155
2116
2152
2151
2147
2148
2150
2117
2149
2118
2142
2141
2137
2138
2140
2131
2139
2132
2136
2135
2051
2052
2134
2133
2053
2054
2130
2129
2125
2126
2128
2119
2127
2120
2124
2123
2055
2056
2122
2121
2057
2058
2114
2113
2109
2110
2112
2103
2111
2104
2108
2107
2087
2088
2106
2105
2089
2090
2102
2101
2097
2098
2100
1691
2099
1692
2096
2095
2091
2092
2094
1693
2093
1694
2086
2085
2081
2082
2084
2075
2083
2076
2080
2079
2059
2060
2078
2077
2061
2062
2074
2073
2069
2070
2072
1695
2071
1696
2068
2067
2063
2064
2066
1697
2065
1698
2349
2348
287
2347
286
282
2346
283
2345
285
276
2344
284
2343
277
281
2342
280
125
260
2043
261
126
279
2040
278
2042
262
2035
263
2041
275
2036
274
127
270
2039
271
128
273
2020
250
2038
272
2037
251
2021
269
2022
268
2034
264
2033
265
2029
267
2030
252
2032
266
1939
253
2031
1940
2028
2027
2023
259
2024
258
2026
1941
2025
1942
129
2019
130
2016
2018
2011
2017
257
2012
256
131
2015
132
255
1996
254
2014
2013
1997
1998
2010
2009
2005
2006
2008
1943
2007
249
1944
248
2004
244
2003
245
1999
247
2000
238
2002
246
1945
239
2001
243
1946
242
2341
222
223
2340
241
2339
240
224
2338
225
2337
237
236
2336
232
2335
233
235
2334
210
133
234
1995
211
134
231
1992
230
1994
226
1987
227
1993
229
1988
212
135
228
1991
213
136
221
1972
220
1990
1989
1973
219
1974
218
1986
1985
1981
1982
1984
1947
1983
1948
1980
1979
1975
217
1976
216
1978
1949
1977
215
1950
214
137
1971
138
1968
1970
1963
1969
1964
139
1967
140
444
1966
1965
445
446
1962
1961
1957
1958
1960
1951
1959
1952
1956
1955
447
448
1954
1953
449
450
1938
1937
1933
1934
1936
1927
1935
1928
1932
1931
1911
1912
1930
1929
1913
1914
1926
1925
1921
1922
1924
1883
1923
1884
1920
1919
1915
1916
1918
1885
1917
1886
1910
1909
1905
1906
1908
1899
1907
1900
1904
1903
1819
1820
1902
1901
1821
1822
1898
1897
1893
1894
1896
1887
1895
1888
1892
1891
1823
1824
1890
1889
1825
1826
1882
1881
1877
1878
1880
1871
1879
1872
1876
1875
1855
1856
1874
1873
1857
1858
1870
1869
1865
1866
1868
1699
1867
1700
1864
1863
1859
1860
1862
1701
1861
1702
1854
1853
1849
1850
1852
1843
1851
1844
1848
1847
1827
1828
1846
1845
1829
1830
1842
1841
1837
1838
1840
1703
1839
1704
1836
1835
1831
1832
1834
1705
1833
1706
1818
1817
1813
1814
1816
1807
1815
1808
1812
1811
1791
1792
1810
1809
1793
1794
1806
1805
1801
1802
1804
1763
1803
1764
1800
1799
1795
1796
1798
1765
1797
1766
1790
1789
1785
1786
1788
1779
1787
1780
1784
1783
451
452
1782
1781
453
454
1778
1777
1773
1774
1776
1767
1775
1768
1772
1771
455
456
1770
1769
457
458
1762
1761
1757
1758
1760
1751
1759
1752
1756
1755
1735
1736
1754
1753
1737
1738
1750
1749
1745
1746
1748
1707
1747
1708
1744
1743
1739
1740
1742
1709
1741
1710
1734
1733
1729
1730
1732
1723
1731
1724
1728
1727
459
460
1726
1725
461
462
1722
1721
1717
1718
1720
1711
1719
1712
1716
1715
463
464
1714
1713
465
466
1679
1680
1681
1682
1683
1684
1685
1654
1678
1677
1673
1674
1676
1667
1675
1668
1672
1671
1615
1616
1670
1669
1617
1618
1666
1665
1661
1662
1664
1655
1663
1656
1660
1659
1619
1620
1658
1657
1621
1622
1651
1652
1653
1650
1649
1645
1646
1648
1639
1647
1640
1644
1643
1623
1624
1642
1641
1625
1626
1638
1637
1633
1634
1636
1499
1635
1500
1632
1631
1627
1628
1630
1501
1629
1502
1614
1613
1609
1610
1612
1603
1611
1604
1608
1607
1587
1588
1606
1605
1589
1590
1602
1601
1597
1598
1600
1559
1599
1560
1596
1595
1591
1592
1594
1561
1593
1562
1586
1585
1581
1582
1584
1575
1583
1576
1580
1579
1320
1321
1578
1577
1322
1323
1574
1573
1569
1570
1572
1563
1571
1564
1568
1567
1324
1325
1566
1565
1326
1327
1558
1557
1553
1554
1556
1547
1555
1548
1552
1551
1531
1532
1550
1549
1533
1534
1546
1545
1541
1542
1544
1503
1543
1504
1540
1539
1535
1536
1538
1505
1537
1506
1530
1529
1525
1526
1528
1519
1527
1520
1524
1523
1328
1329
1522
1521
1330
1331
1518
1517
1513
1514
1516
1507
1515
1508
1512
1511
1332
1333
1510
1509
1334
1335
1498
1497
1493
1494
1496
1495
1488
1492
1491
1456
1457
1490
1489
1458
1459
1485
1486
1487
1480
1484
1483
1460
1461
1482
1481
1462
1463
1478
1479
1477
1476
1464
1465
209
1475
208
1474
204
1466
205
1467
207
198
1473
206
1472
199
1468
203
1469
202
182
1471
183
830
201
1470
200
831
184
1455
185
1454
197
1450
196
1451
192
1453
193
1444
195
1452
170
1445
194
1449
171
1448
191
1428
190
1429
186
1447
187
1446
189
1430
172
1431
188
1443
173
1442
181
1438
180
1439
1441
1400
179
1440
178
1401
1437
1436
1432
1433
1435
1402
1434
1403
1427
1426
177
1422
176
1423
1425
1416
175
1424
174
1417
1421
1420
1336
1337
1419
1418
1338
1339
1415
1414
169
1410
168
1411
164
1413
165
1404
167
1412
158
1405
166
1409
159
1408
163
1340
162
1341
150
1407
151
1406
161
1342
160
1343
152
1399
153
1398
157
1394
1395
156
1397
1388
1396
1389
1393
1392
155
1372
1373
154
1391
1390
1374
1375
1387
1386
149
1382
148
1383
1385
832
147
1384
146
833
1381
1380
1376
1377
1379
834
1378
835
1371
1370
145
1366
1367
1369
1360
1368
1361
1365
1364
1344
1345
1363
1362
1346
1347
1359
1358
1354
1355
1357
836
1356
837
1353
1352
1348
1349
1351
838
1350
839
1319
1318
1314
1315
1317
1308
1316
1309
1313
1312
1292
1293
1311
1310
1294
1295
1307
1306
1302
1303
1305
1264
1304
1265
1301
1300
1296
1297
1299
1266
1298
1267
1291
1290
1286
1287
1289
1280
1288
1281
1285
1284
1200
1201
1283
1282
1202
1203
1279
1278
1274
1275
1277
1268
1276
1269
1273
1272
1204
1205
1271
1270
1206
1207
1263
1262
1258
1259
1261
1252
1260
1253
1257
1256
1236
1237
1255
1254
1238
1239
1251
1250
1246
1247
1249
1080
1248
1081
1245
1244
1240
1241
1243
1082
1242
1083
1235
1234
1230
1231
1233
1224
1232
1225
1229
1228
1208
1209
1227
1226
1210
1211
1223
1222
1218
1219
1221
1084
1220
1085
1217
1216
1212
1213
1215
1086
1214
1087
1199
1198
1194
1195
1197
1188
1196
1189
1193
1192
1172
1173
1191
1190
1174
1175
1187
1186
1182
1183
1185
1144
1184
1145
1181
1180
1176
1177
1179
1146
1178
1147
1171
1170
1166
1167
1169
1160
1168
1161
1165
1164
467
468
1163
1162
469
470
1159
1158
1154
1155
1157
1148
1156
1149
1153
1152
471
472
1151
1150
473
474
1143
1142
1138
1139
1141
1132
1140
1133
1137
1136
1116
1117
1135
1134
1118
1119
1131
1130
1126
1127
1129
1088
1128
1089
1125
1124
1120
1121
1123
1090
1122
1091
1115
1114
1110
1111
1113
1104
1112
1105
1109
1108
475
476
1107
1106
477
478
1103
1102
1098
1099
1101
1092
1100
1093
1097
1096
479
480
1095
1094
481
482
1079
1078
1074
1075
1077
1068
1076
1069
1073
1072
1052
1053
1071
1070
1054
1055
1067
1066
1062
1063
1065
1024
1064
1025
1061
1060
1056
1057
1059
1026
1058
1027
1051
1050
1046
1047
1049
1040
1048
1041
1045
1044
960
961
1043
1042
962
963
1039
1038
1034
1035
1037
1028
1036
1029
1033
1032
964
965
1031
1030
966
967
1023
1022
1018
1019
1021
1012
1020
1013
1017
1016
996
997
1015
1014
998
999
1011
1010
1006
1007
1009
840
1008
841
1005
1004
1000
1001
1003
842
1002
843
995
994
990
991
993
984
992
985
989
988
968
969
987
986
970
971
983
982
978
979
981
844
980
845
977
976
972
973
975
846
974
847
959
958
954
955
957
948
956
949
953
952
932
933
951
950
934
935
947
946
942
943
945
904
944
905
941
940
936
937
939
906
938
907
931
930
926
927
929
920
928
921
925
924
483
484
923
922
485
486
919
918
914
915
917
908
916
909
913
912
487
488
911
910
489
490
903
902
898
899
901
892
900
893
897
896
876
877
895
894
878
879
891
890
886
887
889
848
888
849
885
884
880
881
883
850
882
851
875
874
870
871
873
864
872
865
869
868
491
492
867
866
493
494
863
862
858
859
861
852
860
853
857
856
495
496
855
854
497
498
829
828
823
824
825
826
827
822
821
817
818
820
811
819
812
816
815
795
796
814
813
797
798
810
809
805
806
808
767
807
768
804
803
799
800
802
769
801
770
794
793
789
790
792
783
791
784
788
787
722
723
786
785
724
725
782
781
777
778
780
771
779
772
776
775
726
727
774
773
728
729
766
762
763
764
765
761
760
752
753
759
758
754
755
757
756
751
750
746
747
749
740
748
741
745
744
730
731
743
742
732
733
739
738
737
736
734
735
721
720
716
717
719
710
718
711
715
714
694
695
713
712
696
697
709
708
704
705
707
666
706
667
703
702
698
699
701
668
700
669
693
692
688
689
691
682
690
683
687
686
610
611
685
684
612
613
681
680
676
677
679
670
678
671
675
674
614
615
673
672
616
617
665
664
660
661
663
654
662
655
659
658
642
643
657
656
644
645
653
652
650
651
649
648
646
647
641
640
636
637
639
630
638
631
635
634
618
619
633
632
620
621
629
628
626
627
625
624
622
623
609
608
604
605
607
598
606
599
603
602
582
583
601
600
584
585
597
596
592
593
595
554
594
555
591
590
586
587
589
556
588
557
581
580
576
577
579
570
578
571
575
574
499
500
573
572
501
502
569
568
564
565
567
558
566
559
563
562
503
504
561
560
505
506
553
552
548
549
551
542
550
543
547
546
530
531
545
544
532
533
541
540
538
539
537
536
534
535
529
528
524
525
527
518
526
519
523
522
507
508
521
520
509
510
517
516
514
515
513
512
511
2333
2332
2331
2330
141
443
142
440
442
435
441
436
143
439
144
420
438
437
421
422
434
433
429
430
432
416
431
417
428
427
423
424
426
418
425
419
415
414
410
411
413
404
412
405
409
408
388
389
407
406
390
391
403
402
398
399
401
384
400
385
397
396
392
393
395
386
394
387
383
382
378
379
381
372
380
373
377
376
356
357
375
374
358
359
371
370
366
367
369
352
368
353
365
364
360
361
363
354
362
355
2
1
111
110
109
108
107
106
105
104
103
102
101
100
99
98
97
96
95
94
93
92
91
90
89
88
87
86
85
84
3
4
5
6
7
8
9
10
11
12
13
14
15
16
17
18
19
20
21
22
23
24
25
26
27
28
29
30
31
32
33
34
35
83
82
81
80
79
78
76
77
75
74
73
72
71
70
69
67
68
66
65
64
63
62
61
59
60
58
57
56
55
54
53
52
50
51
49
48
46
47
45
44
43
41
42
40
39
37
38
36
0
2361
2360
2359
2358
112
2324
2325
2326
2327
2328
2329
2246
113
2323
114
2320
2322
2315
2321
2316
115
2319
116
2300
2318
2317
2301
2302
2314
2313
2309
2310
2312
2247
2311
2248
2308
2307
2303
2304
2306
2249
2305
2250
2357
2356
2355
2354
2353
2352
2351
2350
117
2299
118
2296
2298
2291
2297
2292
119
2295
120
2276
2294
2293
2277
2278
2290
2289
2285
2286
2288
2251
2287
2252
2284
2283
2279
351
2280
350
2282
346
2253
347
2281
349
2254
340
121
348
2275
341
122
345
2272
344
2274
324
2267
325
2273
343
2268
342
123
326
2271
327
124
339
2044
338
2270
334
2269
335
2045
337
2046
320
2266
336
2265
321
2261
333
2262
332
2264
328
2255
329
2263
331
2256
322
2260
330
2259
323
2047
2048
2258
2257
2049
2050
2239
2240
2241
2242
2243
2244
2245
2214
2238
2237
2233
2234
2236
2227
2235
2228
2232
2231
2171
2172
2230
2229
2173
319
2174
318
2226
314
2225
315
2221
317
2222
308
2224
316
2215
309
2223
313
2216
312
2220
292
2219
293
2175
311
2176
310
2218
294
2217
295
2177
307
2178
306
302
2207
303
2208
305
288
2209
304
2210
289
301
2211
300
2212
296
297
2213
299
1686
290
2206
298
2205
291
2201
2202
2204
2195
2203
2196
2200
2199
2179
2180
2198
2197
2181
2182
2194
2193
2189
2190
2192
1687
2191
1688
2188
2187
2183
2184
2186
1689
2185
1690
2170
2169
2165
2166
2168
2159
2167
2160
2164
2163
2143
2144
2162
2161
2145
2146
2158
2157
2153
2154
2156
2115
2155
2116
2152
2151
2147
2148
2150
2117
2149
2118
2142
2141
2137
2138
2140
2131
2139
2132
2136
2135
2051
2052
2134
2133
2053
2054
2130
2129
2125
2126
2128
2119
2127
2120
2124
2123
2055
2056
2122
2121
2057
2058
2114
2113
2109
2110
2112
2103
2111
2104
2108
2107
2087
2088
2106
2105
2089
2090
2102
2101
2097
2098
2100
1691
2099
1692
2096
2095
2091
2092
2094
1693
2093
1694
2086
2085
2081
2082
2084
2075
2083
2076
2080
2079
2059
2060
2078
2077
2061
2062
2074
2073
2069
2070
2072
1695
2071
1696
2068
2067
2063
2064
2066
1697
2065
1698
2349
2348
287
286
2347
282
2346
283
285
2345
276
2344
284
277
2343
281
2342
280
125
260
2043
261
126
279
2040
278
2042
262
2035
263
2041
275
2036
274
127
270
2039
271
128
273
2020
250
2038
272
2037
251
2021
269
2022
268
2034
264
2033
265
2029
267
2030
252
2032
266
1939
253
2031
1940
2028
2027
2023
259
2024
258
2026
1941
2025
1942
129
2019
130
2016
2018
2011
2017
257
2012
256
131
2015
132
255
1996
254
2014
2013
1997
1998
2010
2009
2005
2006
2008
1943
2007
249
1944
248
2004
244
2003
245
1999
247
2000
238
2002
246
1945
239
2001
243
1946
242
222
2341
223
2340
241
240
2339
224
2338
225
237
2337
236
2336
232
233
2335
235
2334
210
133
234
1995
211
134
231
1992
230
1994
226
1987
227
1993
229
1988
212
135
228
1991
213
136
221
1972
220
1990
1989
1973
219
1974
218
1986
1985
1981
1982
1984
1947
1983
1948
1980
1979
1975
217
1976
216
1978
1949
1977
215
1950
214
137
1971
138
1968
1970
1963
1969
1964
139
1967
140
444
1966
1965
445
446
1962
1961
1957
1958
1960
1951
1959
1952
1956
1955
447
448
1954
1953
449
450
1938
1937
1933
1934
1936
1927
1935
1928
1932
1931
1911
1912
1930
1929
1913
1914
1926
1925
1921
1922
1924
1883
1923
1884
1920
1919
1915
1916
1918
1885
1917
1886
1910
1909
1905
1906
1908
1899
1907
1900
1904
1903
1819
1820
1902
1901
1821
1822
1898
1897
1893
1894
1896
1887
1895
1888
1892
1891
1823
1824
1890
1889
1825
1826
1882
1881
1877
1878
1880
1871
1879
1872
1876
1875
1855
1856
1874
1873
1857
1858
1870
1869
1865
1866
1868
1699
1867
1700
1864
1863
1859
1860
1862
1701
1861
1702
1854
1853
1849
1850
1852
1843
1851
1844
1848
1847
1827
1828
1846
1845
1829
1830
1842
1841
1837
1838
1840
1703
1839
1704
1836
1835
1831
1832
1834
1705
1833
1706
1818
1817
1813
1814
1816
1807
1815
1808
1812
1811
1791
1792
1810
1809
1793
1794
1806
1805
1801
1802
1804
1763
1803
1764
1800
1799
1795
1796
1798
1765
1797
1766
1790
1789
1785
1786
1788
1779
1787
1780
1784
1783
451
452
1782
1781
453
454
1778
1777
1773
1774
1776
1767
1775
1768
1772
1771
455
456
1770
1769
457
458
1762
1761
1757
1758
1760
1751
1759
1752
1756
1755
1735
1736
1754
1753
1737
1738
1750
1749
1745
1746
1748
1707
1747
1708
1744
1743
1739
1740
1742
1709
1741
1710
1734
1733
1729
1730
1732
1723
1731
1724
1728
1727
459
460
1726
1725
461
462
1722
1721
1717
1718
1720
1711
1719
1712
1716
1715
463
464
1714
1713
465
466
1679
1680
1681
1682
1683
1684
1685
1654
1678
1677
1673
1674
1676
1667
1675
1668
1672
1671
1615
1616
1670
1669
1617
1618
1666
1665
1661
1662
1664
1655
1663
1656
1660
1659
1619
1620
1658
1657
1621
1622
1651
1652
1653
1650
1649
1645
1646
1648
1639
1647
1640
1644
1643
1623
1624
1642
1641
1625
1626
1638
1637
1633
1634
1636
1499
1635
1500
1632
1631
1627
1628
1630
1501
1629
1502
1614
1613
1609
1610
1612
1603
1611
1604
1608
1607
1587
1588
1606
1605
1589
1590
1602
1601
1597
1598
1600
1559
1599
1560
1596
1595
1591
1592
1594
1561
1593
1562
1586
1585
1581
1582
1584
1575
1583
1576
1580
1579
1320
1321
1578
1577
1322
1323
1574
1573
1569
1570
1572
1563
1571
1564
1568
1567
1324
1325
1566
1565
1326
1327
1558
1557
1553
1554
1556
1547
1555
1548
1552
1551
1531
1532
1550
1549
1533
1534
1546
1545
1541
1542
1544
1503
1543
1504
1540
1539
1535
1536
1538
1505
1537
1506
1530
1529
1525
1526
1528
1519
1527
1520
1524
1523
1328
1329
1522
1521
1330
1331
1518
1517
1513
1514
1516
1507
1515
1508
1512
1511
1332
1333
1510
1509
1334
1335
1498
1497
1493
1494
1496
1495
1488
1492
1491
1456
1457
1490
1489
1458
1459
1485
1486
1487
1480
1484
1483
1460
1461
1482
1481
1462
1463
1478
1479
1477
1476
1464
1465
209
1475
208
204
1474
205
1466
207
1467
198
1473
206
199
1472
203
1468
202
1469
182
1471
183
201
830
200
1470
184
831
185
1455
197
1454
196
1450
192
1451
193
1453
195
1444
170
1452
194
1445
171
1449
191
1448
190
1428
186
1429
187
1447
189
1446
172
1430
188
1431
173
1443
181
1442
180
1438
1439
1441
179
1400
178
1440
1401
1437
1436
1432
1433
1435
1402
1434
1403
1427
177
1426
176
1422
1423
1425
175
1416
174
1424
1417
1421
1420
1336
1337
1419
1418
1338
1339
1415
169
1414
168
1410
164
1411
165
1413
167
1404
158
1412
166
1405
159
1409
163
1408
162
1340
150
1341
151
1407
161
1406
160
1342
152
1343
153
1399
157
1398
1394
156
1395
1397
1388
1396
1389
1393
155
1392
1372
154
1373
1391
1390
1374
1375
1387
149
1386
148
1382
1383
1385
147
832
146
1384
833
1381
1380
1376
1377
1379
834
1378
835
1371
145
1370
1366
1367
1369
1360
1368
1361
1365
1364
1344
1345
1363
1362
1346
1347
1359
1358
1354
1355
1357
836
1356
837
1353
1352
1348
1349
1351
838
1350
839
1319
1318
1314
1315
1317
1308
1316
1309
1313
1312
1292
1293
1311
1310
1294
1295
1307
1306
1302
1303
1305
1264
1304
1265
1301
1300
1296
1297
1299
1266
1298
1267
1291
1290
1286
1287
1289
1280
1288
1281
1285
1284
1200
1201
1283
1282
1202
1203
1279
1278
1274
1275
1277
1268
1276
1269
1273
1272
1204
1205
1271
1270
1206
1207
1263
1262
1258
1259
1261
1252
1260
1253
1257
1256
1236
1237
1255
1254
1238
1239
1251
1250
1246
1247
1249
1080
1248
1081
1245
1244
1240
1241
1243
1082
1242
1083
1235
1234
1230
1231
1233
1224
1232
1225
1229
1228
1208
1209
1227
1226
1210
1211
1223
1222
1218
1219
1221
1084
1220
1085
1217
1216
1212
1213
1215
1086
1214
1087
1199
1198
1194
1195
1197
1188
1196
1189
1193
1192
1172
1173
1191
1190
1174
1175
1187
1186
1182
1183
1185
1144
1184
1145
1181
1180
1176
1177
1179
1146
1178
1147
1171
1170
1166
1167
1169
1160
1168
1161
1165
1164
467
468
1163
1162
469
470
1159
1158
1154
1155
1157
1148
1156
1149
1153
1152
471
472
1151
1150
473
474
1143
1142
1138
1139
1141
1132
1140
1133
1137
1136
1116
1117
1135
1134
1118
1119
1131
1130
1126
1127
1129
1088
1128
1089
1125
1124
1120
1121
1123
1090
1122
1091
1115
1114
1110
1111
1113
1104
1112
1105
1109
1108
475
476
1107
1106
477
478
1103
1102
1098
1099
1101
1092
1100
1093
1097
1096
479
480
1095
1094
481
482
1079
1078
1074
1075
1077
1068
1076
1069
1073
1072
1052
1053
1071
1070
1054
1055
1067
1066
1062
1063
1065
1024
1064
1025
1061
1060
1056
1057
1059
1026
1058
1027
1051
1050
1046
1047
1049
1040
1048
1041
1045
1044
960
961
1043
1042
962
963
1039
1038
1034
1035
1037
1028
1036
1029
1033
1032
964
965
1031
1030
966
967
1023
1022
1018
1019
1021
1012
1020
1013
1017
1016
996
997
1015
1014
998
999
1011
1010
1006
1007
1009
840
1008
841
1005
1004
1000
1001
1003
842
1002
843
995
994
990
991
993
984
992
985
989
988
968
969
987
986
970
971
983
982
978
979
981
844
980
845
977
976
972
973
975
846
974
847
959
958
954
955
957
948
956
949
953
952
932
933
951
950
934
935
947
946
942
943
945
904
944
905
941
940
936
937
939
906
938
907
931
930
926
927
929
920
928
921
925
924
483
484
923
922
485
486
919
918
914
915
917
908
916
909
913
912
487
488
911
910
489
490
903
902
898
899
901
892
900
893
897
896
876
877
895
894
878
879
891
890
886
887
889
848
888
849
885
884
880
881
883
850
882
851
875
874
870
871
873
864
872
865
869
868
491
492
867
866
493
494
863
862
858
859
861
852
860
853
857
856
495
496
855
854
497
498
829
828
823
824
825
826
827
822
821
817
818
820
811
819
812
816
815
795
796
814
813
797
798
810
809
805
806
808
767
807
768
804
803
799
800
802
769
801
770
794
793
789
790
792
783
791
784
788
787
722
723
786
785
724
725
782
781
777
778
780
771
779
772
776
775
726
727
774
773
728
729
766
762
763
764
765
761
760
752
753
759
758
754
755
757
756
751
750
746
747
749
740
748
741
745
744
730
731
743
742
732
733
739
738
737
736
734
735
721
720
716
717
719
710
718
711
715
714
694
695
713
712
696
697
709
708
704
705
707
666
706
667
703
702
698
699
701
668
700
669
693
692
688
689
691
682
690
683
687
686
610
611
685
684
612
613
681
680
676
677
679
670
678
671
675
674
614
615
673
672
616
617
665
664
660
661
663
654
662
655
659
658
642
643
657
656
644
645
653
652
650
651
649
648
646
647
641
640
636
637
639
630
638
631
635
634
618
619
633
632
620
621
629
628
626
627
625
624
622
623
609
608
604
605
607
598
606
599
603
602
582
583
601
600
584
585
597
596
592
593
595
554
594
555
591
590
586
587
589
556
588
557
581
580
576
577
579
570
578
571
575
574
499
500
573
572
501
502
569
568
564
565
567
558
566
559
563
562
503
504
561
560
505
506
553
552
548
549
551
542
550
543
547
546
530
531
545
544
532
533
541
540
538
539
537
536
534
535
529
528
524
525
527
518
526
519
523
522
507
508
521
520
509
510
517
516
514
515
513
512
511
2333
2332
2331
2330
141
443
142
440
442
435
441
436
143
439
144
420
438
437
421
422
434
433
429
430
432
416
431
417
428
427
423
424
426
418
425
419
415
414
410
411
413
404
412
405
409
408
388
389
407
406
390
391
403
402
398
399
401
384
400
385
397
396
392
393
395
386
394
387
383
382
378
379
381
372
380
373
377
376
356
357
375
374
358
359
371
370
366
367
369
352
368
353
365
364
360
361
363
354
362
355
2
36
145
154
155
156
157
511
512
512
515
516
535
536
539
540
623
624
627
628
647
648
651
652
735
736
736
738
739
756
757
35
144
145
146
149
148
147
174
177
176
175
178
181
180
179
214
217
216
215
218
221
220
219
254
257
256
255
258
259
259
261
260
291
298
297
296
295
294
293
292
323
330
329
328
327
326
325
324
355
362
361
360
359
358
357
356
387
394
393
392
391
390
389
388
419
425
424
423
422
421
420
2330
)


// ************************************************************************* //
