/*--------------------------------*- C++ -*----------------------------------*\
| =========                 |                                                 |
| \\      /  F ield         | OpenFOAM: The Open Source CFD Toolbox           |
|  \\    /   O peration     | Version:  2306                                  |
|   \\  /    A nd           | Website:  www.openfoam.com                      |
|    \\/     M anipulation  |                                                 |
\*---------------------------------------------------------------------------*/
FoamFile
{
    version     2.0;
    format      ascii;
    arch        "LSB;label=32;scalar=64";
    class       labelList;
    location    "constant/polyMesh";
    object      faceProcAddressing;
}
// * * * * * * * * * * * * * * * * * * * * * * * * * * * * * * * * * * * * * //


9662
(
264
265
266
267
268
269
270
271
272
273
274
275
276
277
278
279
280
281
282
283
284
285
286
287
288
289
290
291
292
293
294
295
296
297
298
299
300
301
302
303
304
305
306
307
308
309
310
311
312
313
314
315
316
317
318
319
320
321
322
323
324
325
326
327
328
329
330
331
332
333
334
335
336
337
338
339
340
341
342
343
344
345
346
347
348
349
350
351
352
353
354
355
356
357
358
359
360
361
362
363
364
365
366
367
368
369
370
371
372
373
374
375
376
377
378
379
380
381
382
383
384
385
386
387
388
389
390
391
392
393
394
395
396
397
398
399
400
401
402
403
404
405
406
407
408
409
410
411
412
413
414
415
416
417
418
419
420
421
422
423
424
425
426
427
428
429
430
431
432
433
434
435
436
437
438
439
440
441
442
443
444
445
446
447
448
449
450
451
452
453
454
455
456
457
458
459
460
461
462
463
464
465
466
467
468
469
470
471
472
473
474
475
476
477
478
479
480
481
482
483
484
485
486
487
488
489
490
491
492
493
494
495
496
497
498
499
500
501
502
503
504
505
506
507
508
509
510
511
512
513
514
515
516
517
518
519
520
521
522
523
524
525
526
527
528
529
530
531
532
533
534
535
536
537
538
539
540
541
542
543
544
545
546
547
548
549
550
551
552
553
554
555
556
557
558
559
560
561
562
563
564
565
566
567
568
569
570
571
572
573
574
575
576
577
578
579
580
581
582
583
584
585
586
587
588
589
590
591
592
593
594
595
596
597
598
599
600
601
602
603
604
605
606
607
608
609
610
611
612
613
614
615
616
617
618
619
620
621
622
623
624
625
626
627
628
629
630
631
632
633
634
635
636
637
638
639
640
641
642
643
644
645
646
647
648
649
650
651
652
653
654
655
656
657
658
659
660
661
662
663
664
665
666
667
668
669
670
671
672
673
674
675
676
677
678
679
680
681
682
683
684
685
686
687
688
689
690
691
692
693
694
695
696
697
698
699
700
701
702
703
704
705
706
707
708
709
710
711
712
713
714
715
716
717
718
719
720
721
722
723
724
725
726
727
728
729
730
731
732
733
734
735
736
737
738
739
740
741
742
743
744
745
746
747
748
749
750
751
752
753
754
755
756
757
758
759
760
761
762
763
764
765
766
767
768
769
770
771
772
773
774
775
776
777
778
779
780
781
782
783
784
785
786
787
788
789
790
791
792
793
794
795
796
797
798
799
800
801
802
803
804
805
806
807
808
809
810
811
812
813
814
815
816
817
818
819
820
821
822
823
824
825
826
827
828
829
830
831
832
833
834
835
836
837
838
839
840
841
842
843
844
845
846
847
848
850
1581
1582
1583
1584
1585
1586
1587
1588
1589
1590
1591
1592
1593
1594
1595
1596
1597
1598
1599
1600
1601
1602
1603
1604
1605
1606
1607
1608
1609
1610
1611
1612
1613
1614
1615
1616
1617
1618
1619
1620
1621
1622
1623
1624
1625
1626
1627
1628
1629
1630
1631
1632
1633
1634
1635
1636
1637
1638
1639
1640
1641
1642
1643
1644
1645
1646
1647
1648
1649
1650
1651
1652
1653
1654
1655
1656
1657
1658
1659
1660
1661
1662
1663
1664
1665
1666
1667
1668
1669
1670
1671
1672
1673
1674
1675
1676
1677
1678
1679
1680
1681
1682
1683
1684
1685
1686
1687
1688
1689
1690
1691
1692
1693
1694
1695
1696
1697
1698
1699
1700
1701
1702
1703
1704
1705
1706
1707
1708
1709
1710
1711
1712
1713
1714
1715
1716
1717
1718
1719
1720
1721
1722
1723
1724
1725
1726
1727
1728
1729
1730
1731
1732
1733
1734
1735
1736
1737
1738
1739
1740
1741
1742
1743
1744
1745
1746
1747
1748
1749
1750
1751
1752
1753
1754
1755
1756
1757
1758
1759
1760
1761
1762
1763
1764
1765
1766
1767
1768
1769
1770
1771
1772
1773
1774
1775
1776
1777
1778
1779
1780
1781
1782
1783
1784
1785
1786
1787
1788
1789
1790
1791
1792
1793
1794
1795
1796
1797
1798
1799
1800
1801
1802
1803
1804
1805
1806
1807
1808
1809
1810
1811
1812
1813
1814
1815
1816
1817
1818
1819
1820
1821
1822
1823
1824
1825
1826
1827
1828
1829
1830
1831
1832
1833
1834
1835
1836
1837
1838
1839
1840
1841
1842
1843
1844
1845
1846
1847
1848
1849
1850
1851
1852
1853
1854
1855
1856
1857
1858
1859
1860
1861
1862
1863
1864
1865
1866
1867
1868
1869
1870
1871
1872
1873
1874
1875
1876
1877
1878
1879
1880
1881
1882
1883
1884
1885
1886
1887
1888
1889
1890
1891
1892
1893
1894
1895
1896
1897
1898
1899
1900
1901
1902
1903
1904
1905
1906
1907
1908
1909
1910
1911
1912
1913
1914
1915
1916
1917
1918
1919
1920
1921
1922
1923
1924
1925
1926
1927
1928
1929
1930
1931
1932
1933
1934
1935
1936
1937
1938
1939
1940
1941
1942
1943
1944
1945
1946
1947
1948
1949
1950
1951
1952
1953
1954
1955
1956
1957
1958
1959
1960
1961
1962
1963
1964
1965
1966
1967
1968
1969
1970
1971
1972
1973
1974
1975
1976
1977
1978
1979
1980
1981
1982
1983
1984
1985
1986
1987
1988
1989
1990
1991
1992
1993
1994
1995
1996
1997
1998
1999
2000
2001
2002
2003
2004
2005
2006
2007
2008
2009
2010
2011
2012
2013
2014
2015
2016
2017
2018
2019
2020
2021
2022
2023
2024
2025
2026
2027
2028
2029
2030
2031
2032
2033
2034
2035
2036
2037
2038
2039
2040
2041
2042
2043
2044
2045
2046
2047
2048
2049
2050
2051
2052
2053
2054
2055
2056
2057
2058
2059
2060
2061
2062
2063
2064
2065
2066
2067
2068
2069
2070
2071
2072
2073
2074
2075
2076
2077
2078
2079
2080
2081
2082
2083
2084
2085
2086
2087
2088
2089
2090
2091
2092
2093
2094
2095
2096
2097
2098
2099
2100
2101
2102
2103
2104
2105
2106
2107
2108
2109
2110
2111
2112
2113
2114
2115
2116
2117
2118
2119
2120
2121
2122
2123
2124
2125
2126
2127
2128
2129
2130
2131
2132
2133
2134
2135
2136
2137
2138
2139
2140
2141
2142
2143
2144
2145
2146
2147
2148
2149
2150
2151
2152
2153
2154
2155
2156
2157
2158
2159
2160
2161
2162
2163
2164
2165
2166
2167
2168
2169
2170
2171
2172
2173
2174
2175
2176
2177
2178
2179
2180
2181
2182
2183
2184
2185
2186
2187
2188
2189
2190
2191
2192
2193
2194
2195
2196
2197
2198
2199
2200
2201
2202
2203
2204
2205
2206
2207
2208
2209
2210
2211
2212
2213
2214
2215
2216
2217
2218
2219
2220
2221
2222
2223
2224
2225
2226
2227
2228
2229
2230
2231
2232
2233
2234
2235
2236
2237
2238
2239
2240
2241
2242
2243
2244
2245
2246
2247
2248
2249
2250
2251
2252
2253
2254
2255
2256
2257
2258
2259
2260
2261
2262
2263
2264
2265
2266
2267
2268
2269
2270
2271
2272
2273
2274
2275
2276
2277
2278
2279
2280
2281
2282
2283
2284
2285
2286
2287
2288
2289
2290
2291
2292
2293
2294
2295
2296
2297
2298
2299
2300
2301
2302
2303
2304
2305
2306
2307
2308
2309
2310
2311
2312
2313
2314
2315
2316
2317
2318
2319
2320
2321
2322
2323
2324
2325
2326
2327
2328
2329
2330
2331
2332
2333
2334
2335
2336
2337
2338
2339
2340
2341
2342
2343
2344
2345
2346
2347
2348
2349
2350
2351
2352
2353
2354
2355
2356
2357
2358
2359
2360
2361
2362
2363
2364
2365
2366
2367
2368
2369
2370
2371
2372
2373
2374
2375
2376
2377
2378
2379
2380
2381
2382
2383
2384
2385
2386
2387
2388
2389
2390
2391
2392
2393
2394
2395
2396
2397
2398
2399
2400
2401
2402
2403
2404
2405
2406
2407
2408
2409
2410
2411
2412
2413
2414
2415
2416
2417
2418
2419
2420
2421
2422
2423
2424
2425
2426
2427
2428
2429
2430
2431
2432
2433
2434
2435
2436
2437
2438
2439
2440
2441
2442
2443
2444
2445
2446
2447
2448
2449
2450
2451
2452
2453
2454
2455
2456
2457
2458
2459
2460
2461
2462
2463
2464
2465
2466
2467
2468
2469
2470
2471
2472
2473
2474
2475
2476
2477
2478
2479
2480
2481
2482
2483
2484
2485
2486
2487
2488
2489
2490
2491
2492
2493
2494
2495
2496
2497
2498
2499
2500
2501
2502
2503
2504
2505
2506
2507
2508
2509
2510
2511
2512
2513
2514
2515
2516
2517
2518
2519
2520
2521
2522
2523
2524
2525
2526
2527
2528
2529
2530
2531
2532
2533
2534
2535
2536
2537
2538
2539
2540
2541
2542
2543
2544
2545
2546
2547
2548
2549
2550
2551
2552
2553
2554
2555
2556
2557
2558
2559
2560
2561
2562
2563
2564
2565
2566
2567
2568
2569
2570
2571
2572
2573
2574
2575
2576
2577
2578
2579
2580
2581
2582
2583
2584
2585
2586
2587
2588
2589
2590
2591
2592
2593
2594
2595
2596
2597
2598
2599
2600
2601
2602
2603
2604
2605
2606
2607
2608
2609
2610
2611
2612
2613
2614
2615
2616
2617
2618
2619
2620
2621
2622
2623
2624
2625
2626
2627
2628
2629
2630
2631
2632
2633
2634
2635
2636
2637
2638
2639
2640
2641
2642
2643
2644
2645
2646
2647
2648
2649
2650
2651
2652
2653
2654
2655
2656
2657
2658
2659
2660
2661
2662
2663
2664
2665
2666
2667
2668
2669
2670
2671
2672
2673
2674
2675
2676
2677
2678
2679
2680
2681
2682
2683
2684
2685
2686
2687
2688
2689
2690
2691
2692
2693
2694
2695
2696
2697
2698
2699
2700
2701
2702
2703
2704
2705
2706
2707
2708
2709
2710
2711
2712
2713
2714
2715
2716
2717
2718
2719
2720
2721
2722
2723
2724
2725
2726
2727
2728
2729
2730
2731
2732
2733
2734
2735
2736
2737
2738
2739
2740
2741
2742
2743
2744
2745
2746
2747
2748
2749
2750
2751
2752
2753
2754
2755
2756
2757
2758
2759
2760
2761
2762
2763
2764
2765
2766
2767
2768
2769
2770
2771
2772
2773
2774
2775
2776
2777
2778
2779
2780
2781
2782
2783
2784
2785
2786
2787
2788
2789
2790
2791
2792
2793
2794
2795
2796
2797
2798
2799
2800
2801
2802
2803
2804
2805
2806
2807
2808
2809
2810
2811
2812
2813
2814
2815
2816
2817
2818
2819
2820
2821
2822
2823
2824
2825
2826
2827
2828
2829
2830
2831
2832
2833
2834
2835
2836
2837
2838
2839
2840
2841
2842
2843
2844
2845
2846
2847
2848
2849
2850
2851
2852
2853
2854
2855
2856
2857
2858
2859
2860
2861
2862
2863
2864
2865
2866
2867
2868
2869
2870
2871
2872
2873
2874
2875
2876
2877
2878
2879
2880
2881
2882
2883
2884
2885
2886
2887
2888
2889
2890
2891
2892
2893
2894
2895
2896
2897
2898
2899
2900
2901
2902
2903
2904
2905
2906
2907
2908
2909
2910
2911
2912
2913
2914
2915
2916
2917
2918
2919
2920
2921
2922
2923
2924
2925
2926
2927
2928
2929
2930
2931
2932
2933
2934
2935
2936
2937
2938
2939
2940
2941
2942
2943
2944
2945
2946
2947
2948
2949
2950
2951
2952
2953
2954
2955
2956
2957
2958
2959
2960
2961
2962
2963
2964
2965
2966
2967
2968
2969
2970
2971
2972
2973
2974
2975
2976
2977
2978
2979
2980
2981
2982
2983
2984
2985
2986
2987
2988
2989
2990
2991
2992
2993
2994
2995
2996
2997
2998
2999
3000
3001
3002
3003
3004
3005
3006
3007
3008
3009
3010
3011
3012
3013
3014
3015
3016
3017
3018
3019
3020
3021
3022
3023
3024
3025
3026
3027
3028
3029
3030
3031
3032
3033
3034
3035
3036
3037
3038
3039
3040
3041
3042
3043
3044
3045
3046
3047
3048
3049
3050
3051
3052
3053
3054
3055
3056
3057
3058
3059
3060
3061
3062
3063
3064
3065
3066
3067
3068
3069
3070
3071
3072
3073
3074
3075
3076
3077
3078
3079
3080
3081
3082
3083
3084
3085
3086
3087
3088
3089
3090
3091
3092
3093
3094
3095
3096
3097
3098
3099
3100
3101
3102
3103
3104
3105
3106
3107
3108
3109
3110
3111
3112
3113
3114
3115
3116
3117
3118
3119
3120
3121
3122
3123
3124
3125
3126
3127
3128
3129
3130
3131
3132
3133
3134
3135
3136
3137
3138
3139
3140
3141
3142
3143
3144
3145
3146
3147
3148
3149
3150
3151
3152
3153
3154
3155
3156
3157
3158
3159
3160
3161
3162
3163
3164
3165
3166
3167
3168
3169
3170
3171
3172
3173
3174
3175
3176
3177
3178
3179
3180
3181
3182
3183
3184
3185
3186
3187
3188
3189
3190
3191
3192
3193
3194
3195
3196
3197
3198
3199
3200
3201
3202
3203
3204
3205
3206
3207
3208
3209
3210
3211
3212
3213
3214
3215
3216
3217
3218
3219
3220
3221
3222
3223
3224
3225
3226
3227
3228
3229
3230
3231
3232
3233
3234
3235
3236
3237
3238
3239
3240
3241
3242
3243
3244
3245
3246
3247
3248
3249
3250
3251
3252
3253
3254
3255
3256
3257
3258
3259
3260
3261
3262
3263
3264
3265
3266
3267
3268
3269
3270
3271
3272
3273
3274
3275
3276
3277
3278
3279
3280
3281
3282
3283
3284
3285
3286
3287
3288
3289
3290
3291
3292
3293
3294
3295
3296
3297
3298
3299
3300
3301
3302
3303
3304
3305
3306
3307
3308
3309
3310
3311
3312
3313
3314
3315
3316
3317
3318
3319
3320
3321
3322
3323
3324
3325
3326
3327
3328
3329
3330
3331
3332
3333
3334
3335
3336
3337
3338
3339
3340
3341
3342
3343
3344
3345
3346
3347
3348
3349
3350
3351
3352
3353
3354
3355
3356
3357
3358
3359
3360
3361
3362
3363
3364
3365
3366
3367
3368
3369
3370
3371
3372
3373
3374
3375
3376
3377
3378
3379
3380
3381
3382
3383
3384
3385
3386
3387
3388
3389
3390
3391
3392
3393
3394
3395
3396
3397
3398
3399
3400
3401
3402
3403
3404
3405
3406
3407
3408
3409
3410
3411
3412
3413
3414
3415
3416
3417
3418
3419
3420
3421
3422
3423
3424
3425
3426
3427
3428
3429
3430
3431
3432
3433
3434
3435
3436
3437
3438
3439
3440
3441
3442
3443
3444
3445
3446
3447
3448
3449
3450
3451
3452
3453
3454
3455
3456
3457
3458
3459
3460
3461
3462
3463
3464
3465
3466
3467
3468
3469
3470
3471
3472
3473
3474
3475
3476
3477
3478
3479
3480
3481
3482
3483
3484
3485
3486
3487
3488
3489
3490
3491
3492
3493
3494
3495
3496
3497
3498
3499
3500
3501
3502
3503
3504
3505
3506
3507
3508
3509
3510
3511
3512
3513
3514
3515
3516
3517
3518
3519
3520
3521
3522
3523
3524
3525
3526
3527
3528
3529
3530
3531
3532
3533
3534
3535
3536
3537
3538
3539
3540
3541
3542
3543
3544
3545
3546
3547
3548
3549
3550
3551
3552
3553
3554
3555
3556
3557
3558
3559
3560
3561
3562
3563
3564
3565
3566
3567
3568
3569
3570
3571
3572
3573
3574
3575
3576
3577
3578
3579
3580
3581
3582
3583
3584
3585
3586
3587
3588
3589
3590
3591
3592
3593
3594
3595
3596
3597
3598
3599
3600
3601
3602
3603
3604
3605
3606
3607
3608
3609
3610
3611
3612
3613
3614
3615
3616
3617
3618
3619
3620
3621
3622
3623
3624
3625
3626
3627
3628
3629
3630
3631
3632
3633
3634
3635
3636
3637
3638
3639
3640
3641
3642
3643
3644
3645
3646
3647
3648
3649
3650
3651
3652
3653
3654
3655
3656
3657
3658
3659
3660
3661
3662
3663
3664
3665
3666
3667
3668
3669
3670
3671
3672
3673
3674
3675
3676
3677
3678
3679
3680
3681
3682
3683
3684
3685
3686
3687
3688
3689
3690
3691
3692
3693
3694
3695
3696
3697
3698
3699
3700
3701
3702
3703
3704
3705
3706
3707
3708
3709
3710
3711
3712
3713
3714
3715
3716
3717
3718
3719
3720
3721
3722
3723
3724
3725
3726
3727
3728
3729
3730
3731
3732
3733
3734
3735
3736
3737
3738
3739
3740
3741
3742
3743
3744
3745
3746
3747
3748
3749
3750
3751
3752
3753
3754
3755
3756
3757
3758
3759
3760
3761
3762
3763
3764
3765
3766
3767
3768
3769
3770
3771
3772
3773
3774
3775
3776
3777
3778
3779
3780
3781
3782
3783
3784
3785
3786
3787
3788
3789
3790
3791
3792
3793
3794
3795
3796
3797
3798
3799
3800
3801
3802
3803
3804
3805
3806
3807
3808
3809
3810
3811
3812
3813
3814
3815
3816
3817
3818
3819
3820
3821
3822
3823
3824
3825
3826
3827
3828
3829
3830
3831
3832
3833
3834
3835
3836
3837
3838
3839
3840
3841
3842
3843
3844
3845
3846
3847
3848
3849
3850
3851
3852
3853
3854
3855
3856
3857
3858
3859
3860
3861
3862
3863
3864
3865
3866
3867
3868
3869
3870
3871
3872
3873
3874
3875
3876
3877
3878
3879
3880
3881
3882
3883
3884
3885
3886
3887
3888
3889
3890
3891
3892
3893
3894
3895
3896
3897
3898
3899
3900
3901
3902
3903
3904
3905
3906
3907
3908
3909
3910
3911
3912
3913
3914
3915
3916
3917
3918
3919
3920
3921
3922
3923
3924
3925
3926
3927
3928
3929
3930
3931
3932
3933
3934
3935
3936
3937
3938
3939
3940
3941
3942
3943
3944
3945
3946
3947
3948
3949
3950
3951
3952
3953
3954
3955
3956
3957
3958
3959
3960
3961
3962
3963
3964
3965
3966
3967
3968
3969
3970
3971
3972
3973
3974
3975
3976
3977
3978
3979
3980
3981
3982
3983
3984
3985
3986
3987
3988
3989
3990
3991
3992
3993
3994
3995
3996
3997
3998
3999
4000
4001
4002
4003
4004
4005
4006
4007
4008
4009
4010
4011
4012
4013
4014
4015
4016
4017
4018
4019
4020
4021
4022
4023
4024
4025
4026
4027
4028
4029
4030
4031
4032
4033
4034
4035
4036
4037
4038
4039
4040
4041
4042
4043
4044
4045
4046
4047
4048
4049
4050
4051
4052
4053
4054
4055
4056
4057
4058
4059
4060
4061
4062
4063
4064
4065
4066
4067
4068
4069
4070
4071
4072
4073
4074
4075
4076
4077
4078
4079
4080
4081
4082
4083
4084
4085
4086
4087
4088
4089
4090
4091
4092
4093
4094
4095
4096
4097
4098
4099
4100
4101
4102
4103
4104
4105
4106
4107
4108
4109
4110
4111
4112
4113
4114
4115
4116
4117
4118
4119
4120
4121
4122
4123
4124
4125
4126
4127
4128
4129
4130
4131
4132
4133
4134
4135
4136
4137
4138
4139
4140
4141
4142
4143
4144
4145
4146
4147
4148
4149
4150
4151
4152
4153
4154
4155
4156
4157
4158
4159
4160
4161
4162
4163
4164
4165
4166
4167
4168
4169
4170
4171
4172
4173
4174
4175
4176
4177
4178
4179
4180
4181
4182
4183
4184
4185
4186
4187
4188
4189
4190
4191
4192
4193
4194
4195
4196
4197
4198
4199
4200
4201
4202
4203
4204
4205
4206
4207
4208
4209
4210
4211
4212
4213
4214
4215
4216
4217
4218
4219
4220
4221
4222
4223
4224
4225
4226
4227
4228
4229
4230
4231
4233
4255
4256
4257
4258
4259
4260
4261
4262
4263
4264
4266
4267
4279
4280
4281
4282
4283
4284
4285
4286
4287
4288
4290
4291
4367
4368
4369
4370
4371
4372
4373
4374
4375
4376
4377
4378
4379
4380
4381
4382
4383
4384
4385
4386
4387
4388
4389
4390
4391
4392
4393
4394
4395
4396
4397
4398
4399
4400
4401
4402
4403
4404
4405
4406
4407
4408
4409
4410
4411
4412
4413
4414
4415
4416
4417
4418
4419
4420
4421
4422
4423
4424
4425
4426
4427
4428
4429
4430
4431
4432
4433
4434
4435
4436
4437
4438
4439
4440
4442
4443
4455
4456
4457
4458
4459
4460
4461
4462
4463
4464
4466
4467
4543
4544
4545
4546
4547
4548
4549
4550
4551
4552
4554
4555
4567
4568
4569
4570
4571
4572
4573
4574
4575
4576
4578
4579
4655
4656
4657
4658
4659
4660
4661
4662
4663
4664
4665
4666
4667
4668
4669
4670
4671
4672
4673
4674
4675
4676
4677
4678
4679
4680
4681
4682
4683
4684
4685
4686
4687
4688
4689
4690
4691
4692
4693
4694
4695
4696
4697
4698
4699
4700
4701
4702
4703
4704
4705
4706
4707
4708
4709
4710
4711
4712
4713
4714
4715
4716
4717
4718
4719
4720
4721
4722
4723
4724
4725
4726
4727
4728
4730
4731
4743
4744
4745
4746
4747
4748
4749
4750
4751
4752
4754
4755
4831
4832
4833
4834
4835
4836
4837
4838
4839
4840
4842
4843
4855
4856
4857
4858
4859
4860
4861
4862
4863
4864
4866
4867
4943
4944
4945
4946
4947
4948
4949
4950
4951
4952
4953
4954
4955
4956
4957
4958
4959
4960
4961
4962
4963
4964
4965
4966
4967
4968
4969
4970
4971
4972
4973
4974
4975
4976
4977
4978
4979
4980
4981
4982
4983
4984
4985
4986
4987
4988
4989
4990
4991
4992
4993
4994
4995
4997
4998
5010
5011
5012
5013
5014
5015
5016
5017
5018
5019
5021
5022
5098
5099
5100
5101
5102
5103
5104
5105
5106
5107
5108
5109
5110
5111
5112
5113
5114
5115
5116
5117
5119
5120
5122
5136
5137
5138
5140
5141
5142
5143
5144
5145
5146
5148
5202
5203
5204
5205
5206
5207
5208
5209
5210
5211
5212
5213
5214
5216
5217
5229
5230
5231
5232
5233
5234
5235
5236
5237
5238
5240
5241
6107
6108
6109
6110
6111
6113
6114
6116
6117
6118
6124
6126
6132
6133
6135
6201
6202
6204
6206
6208
6209
6211
6212
6213
6214
6215
6216
6217
6218
6219
6220
6222
6223
6225
6299
6300
6301
6302
6303
6304
6305
6306
6307
6308
6310
6311
6323
6324
6325
6326
6327
6328
6329
6330
6331
6332
6334
6335
6411
6412
6413
6414
6415
6416
6417
6418
6419
6420
6421
6422
6423
6424
6425
6426
6427
6428
6429
6430
6431
6432
6433
6434
6435
6436
6437
6438
6439
6440
6441
6442
6443
6444
6445
6446
6447
6448
6449
6450
6451
6452
6453
6454
6455
6456
6457
6458
6459
6460
6461
6462
6463
6464
6465
6466
6467
6468
6469
6470
6471
6472
6473
6474
6475
6476
6477
6478
6479
6480
6481
6482
6483
6484
6485
6486
6487
6488
6489
6490
6491
6492
6493
6494
6495
6496
6497
6498
6499
6500
6501
6502
6503
6504
6505
6506
6507
6508
6509
6510
6511
6512
6513
6514
6515
6516
6517
6518
6519
6520
6521
6522
6523
6524
6525
6526
6527
6528
6529
6530
6531
6532
6533
6534
6535
6536
6537
6538
6539
6540
6541
6542
6543
6544
6545
6546
6547
6548
6549
6550
6551
6552
6553
6554
6555
6556
6557
6558
6559
6560
6561
6562
6563
6564
6565
6566
6567
6568
6569
6570
6571
6572
6573
6574
6575
6576
6577
6578
6579
6580
6581
6582
6583
6584
6585
6586
6587
6588
6589
6590
6591
6592
6593
6594
6595
6596
6597
6598
6599
6600
6601
6602
6603
6604
6605
6606
6607
6608
6609
6610
6611
6612
6613
6614
6615
6616
6617
6618
6619
6620
6621
6622
6623
6624
6625
6626
6627
6628
6629
6630
6631
6632
6633
6634
6635
6636
6637
6638
6639
6640
6641
6642
6643
6644
6645
6646
6647
6648
6649
6650
6651
6652
6653
6654
6655
6656
6657
6658
6659
6660
6661
6662
6663
6664
6665
6666
6667
6668
6669
6670
6671
6672
6673
6674
6675
6676
6677
6678
6679
6680
6681
6682
6683
6684
6685
6686
6687
6688
6689
6690
6691
6692
6693
6694
6695
6696
6697
6698
6699
6700
6701
6702
6703
6704
6705
6706
6707
6708
6709
6710
6711
6712
6713
6714
6715
6716
6717
6718
6719
6720
6721
6722
6723
6724
6725
6726
6727
6728
6729
6730
6731
6732
6733
6734
6735
6736
6737
6738
6739
6740
6741
6742
6743
6744
6745
6746
6747
6748
6749
6750
6751
6752
6753
6754
6755
6756
6757
6758
6759
6760
6761
6762
6763
6764
6765
6766
6767
6768
6769
6770
6771
6772
6773
6774
6775
6776
6777
6778
6779
6780
6781
6782
6783
6784
6785
6786
6787
6788
6789
6790
6791
6792
6793
6794
6795
6796
6797
6798
6799
6800
6801
6802
6803
6804
6805
6806
6807
6808
6809
6810
6811
6812
6813
6814
6815
6816
6817
6818
6819
6820
6821
6822
6823
6824
6825
6826
6827
6828
6829
6830
6831
6832
6833
6834
6835
6836
6837
6838
6839
6840
6841
6842
6843
6844
6846
6855
6856
6857
6858
6859
6861
6987
6988
6989
6990
6991
6993
6999
7000
7001
7002
7003
7005
7043
7044
7045
7046
7047
7049
7055
7056
7057
7058
7059
7061
7227
7228
7229
7230
7231
7232
7233
7234
7235
7236
7237
7238
7239
7240
7241
7242
7243
7244
7245
7246
7247
7248
7249
7250
7251
7252
7253
7254
7255
7256
7257
7258
7259
7260
7261
7262
7263
7264
7265
7266
7267
7268
7269
7270
7271
7272
7273
7274
7275
7276
7277
7278
7279
7280
7281
7282
7283
7284
7285
7286
7287
7288
7289
7290
7291
7292
7293
7294
7295
7296
7297
7298
7299
7300
7301
7302
7303
7304
7305
7306
7307
7308
7309
7310
7311
7312
7313
7314
7315
7316
7317
7318
7319
7320
7321
7322
7323
7324
7325
7326
7327
7328
7329
7330
7331
7332
7333
7334
7335
7336
7337
7338
7339
7340
7341
7342
7343
7344
7345
7346
7347
7348
7349
7350
7351
7352
7353
7354
7355
7356
7357
7358
7359
7360
7361
7362
7363
7364
7365
7366
7367
7368
7369
7370
7371
7372
7373
7374
7375
7376
7377
7378
7379
7380
7381
7382
7383
7384
7385
7386
7387
7388
7389
7390
7391
7392
7393
7394
7395
7396
7397
7398
7399
7400
7401
7402
7403
7404
7405
7406
7407
7408
7409
7410
7411
7412
7413
7414
7415
7416
7417
7418
7419
7420
7421
7422
7423
7424
7425
7426
7427
7428
7429
7430
7431
7432
7433
7434
7435
7436
7437
7438
7439
7440
7441
7442
7443
7444
7445
7446
7447
7448
7449
7450
7451
7452
7453
7454
7455
7456
7457
7458
7459
7460
7461
7462
7463
7464
7465
7466
7467
7468
7469
7470
7471
7472
7473
7474
7475
7476
7477
7478
7479
7480
7481
7482
7483
7484
7485
7486
7487
7488
7489
7490
7491
7492
7493
7494
7495
7496
7497
7498
7499
7500
7501
7502
7503
7504
7505
7506
7507
7508
7510
7511
7523
7524
7525
7526
7527
7528
7529
7530
7531
7532
7534
7535
7611
7612
7613
7614
7615
7616
7617
7618
7619
7620
7622
7623
7635
7636
7637
7638
7639
7640
7641
7642
7643
7644
7646
7647
7723
7724
7725
7726
7727
7728
7729
7730
7731
7732
7733
7734
7735
7736
7737
7738
7739
7740
7741
7742
7743
7745
7751
7752
7753
7754
7755
7757
7795
7796
7797
7798
7799
7801
7807
7808
7809
7810
7811
7813
7979
7980
7981
7982
7983
7985
7991
16491
16492
16493
16494
16495
16496
16497
16498
16499
16500
16501
16514
16515
16516
16517
16518
16519
16582
16583
16584
16585
16586
16587
16588
16589
16590
16591
16592
16593
16594
16595
16596
16597
16598
16599
16600
16601
16602
16603
16604
16605
16606
16607
16608
16609
16610
16611
16612
16613
16614
16615
16616
16617
16618
16619
16620
16621
16622
16623
16624
16625
16626
16627
16628
16629
16630
16631
16632
16633
16634
16635
16636
16637
16638
16639
16640
16641
16642
16643
16644
16645
16646
16647
16648
16649
16650
16651
16652
16653
16654
16655
16656
16657
16658
16659
16660
16661
16662
16663
16664
16667
16668
16670
16671
16672
16674
16675
16676
16682
16683
16684
16685
16686
16687
16688
16689
16690
16691
16692
16693
16694
16695
16696
16697
16698
16699
16701
16702
16703
16704
16705
16706
16707
16708
16709
16710
16711
16712
16713
16714
16715
16716
16717
16718
16719
16720
16721
16722
16723
16724
16725
16726
16727
16728
16729
16730
16731
16732
16733
16734
16735
16736
16737
16738
16739
16740
16741
16742
16743
16744
16745
16746
16747
16748
16749
16750
16751
16752
16753
16754
16755
16756
16757
16758
16759
16760
16761
16762
16763
16764
16765
16766
16767
16768
16769
16770
16771
16772
16773
16774
16775
16776
16777
16778
16779
16780
16781
16782
16783
16784
16785
16786
16787
16788
16789
16790
16791
16792
16793
16794
16795
16796
16797
16798
16799
16800
16801
16802
16803
16804
16805
16806
16807
16808
16809
16810
16811
16812
16813
16814
16815
16816
16817
16818
16819
16820
16821
16822
16823
16824
16825
16826
16827
16828
16829
16830
16831
16832
16833
16834
16835
16836
16837
16838
16839
16840
16841
16842
16843
16844
16845
16846
16847
16848
16849
16850
16851
16852
16853
16854
16855
16856
16857
16858
16859
16860
16861
16862
16863
16864
16865
16866
16867
16868
16869
16870
16871
16872
17132
17133
17134
17135
17136
17137
17138
17139
17140
17153
17154
17155
17156
17157
17219
17220
17221
17222
17223
17224
17225
17226
17227
17228
17229
17230
17231
17232
17233
17234
17235
17236
17237
17238
17239
17240
17241
17242
17243
17244
17245
17246
17247
17248
17249
17250
17251
17252
17253
17254
17255
17256
17257
17258
17259
17260
17261
17262
17263
17264
17265
17266
17267
17268
17269
17270
17271
17272
17273
17274
17275
17276
17277
17278
17279
17280
17281
17282
17283
17284
17285
17286
17287
17288
17289
17290
17291
17292
17293
17294
17295
17296
17297
17298
17299
17300
17301
17304
17305
17307
17308
17309
17311
17312
17313
17319
17320
17321
17322
17323
17324
17325
17326
17327
17328
17329
17330
17331
17332
17333
17334
17335
17336
17337
17338
17339
17340
17341
17342
17343
17344
17345
17346
17347
17348
17349
17350
17351
17352
17353
17354
17355
17356
17357
17358
17359
17360
17361
17362
17363
17364
17365
17366
17367
17368
17369
17370
17371
17372
17373
17374
17375
17376
17377
17378
17379
17380
17381
17382
17383
17384
17385
17386
17387
17388
17389
17390
17391
17392
17393
17394
17395
17396
17397
17398
17399
17400
17401
17402
17403
17404
17405
17406
17407
17408
17409
17410
17411
17412
17413
17414
17415
17416
17417
17418
17419
17420
17421
17422
17423
17424
17425
17426
17427
17428
17429
17430
17431
17432
17433
17434
17435
17436
17437
17438
17439
17440
17441
17442
17443
17444
17445
17446
17447
17448
17449
17450
17451
17452
17453
17454
17455
17456
17457
17458
17459
17460
17461
17462
17463
17464
17465
17466
17467
17468
17469
17470
17471
17472
17473
17474
17475
17476
17477
17478
17479
17480
17481
17482
17483
17484
17485
17486
17487
17488
17489
17490
17491
17492
17493
17494
17495
17496
17497
17498
17499
17500
17501
17502
17503
17504
17505
19893
19899
19901
19905
19909
19911
19913
19915
19917
20081
20085
20087
20089
20091
20093
20097
20101
20103
20105
20107
20109
20145
20149
20151
20153
20155
20157
20161
20165
20167
20169
20171
20173
20243
20245
20251
20253
20255
20257
20259
20261
20263
20265
20267
20269
20275
20277
20283
20285
20287
20289
20291
20293
20295
20297
20299
20301
20371
20373
20379
20381
20383
20385
20387
20389
20391
20393
20395
20397
20403
20405
20411
20413
20415
20417
20419
20421
20423
20425
20427
20429
20431
20433
20435
20437
20439
20441
20443
20445
20447
20449
20451
20453
20455
20457
20459
20461
20463
20465
20467
20469
20471
20473
20475
20477
20479
20481
20483
20485
20487
20489
20491
20493
20495
20497
20499
20501
20503
20505
20507
20509
20511
20513
20515
20517
20519
20521
20523
20525
20527
20529
20531
20533
20535
20537
20539
20541
20543
20545
20547
20549
20551
20553
20555
20557
20559
20561
20563
20565
20567
20569
20571
20573
20575
20577
20579
20581
20583
20585
20587
20589
20591
20593
20595
20597
20599
20601
20603
20605
20607
20609
20611
20613
20615
20617
20619
20621
20623
20625
20627
20629
20631
20633
20635
20637
20639
20641
20643
20645
20647
20649
20651
20653
20655
20657
20659
20661
20663
20665
20667
20669
20671
20673
20675
20677
20679
20681
20683
20685
20849
20853
20855
20857
20859
20861
20865
20869
20871
20873
20875
20877
20913
20917
20919
20921
20923
20925
20929
20933
20935
20937
20939
20941
21048
21052
21054
21056
21058
21060
21064
21068
21070
21072
21074
21076
21085
21086
21088
21090
21092
21094
21096
21098
21100
21102
21104
21106
21108
21110
21112
21114
21116
21118
21120
21122
21124
21126
21127
21129
21131
21132
21134
21136
21137
21139
21141
21143
21145
21147
21149
21151
21153
21155
21156
21158
21160
21162
21164
21165
21167
21168
21170
21172
21174
21176
21178
21180
21182
21184
21186
21188
21190
21192
21194
21196
21198
21200
21202
21204
21206
21208
21210
21212
21214
21216
21218
21220
21222
21224
21226
21228
21230
21232
21234
21236
21238
21240
21241
21243
21244
21246
21248
21250
21252
21254
21256
21258
21260
21262
21264
21266
21268
21270
21272
21274
21276
21278
21279
21281
21283
21285
21287
21288
21290
21292
21293
21295
21297
21299
21301
21303
21305
21307
21309
21311
21313
21314
21316
21318
21320
21322
21324
21325
21327
21329
21331
21333
21334
21336
21337
21339
21341
21343
21345
21346
21348
21350
21352
21354
21356
21358
21360
21362
21364
21366
21368
21370
21372
21374
21376
21378
21380
21382
21384
21386
21388
21390
21392
21394
21395
21397
21398
21400
21401
21403
21404
21406
21408
21410
21412
21414
21416
21418
21420
21422
21424
21426
21428
21430
21432
21434
21436
21438
21440
21442
21444
21446
21448
21450
21452
21454
21456
21458
21460
21462
21464
21466
21468
21470
21471
21473
21474
21476
21477
21479
21480
21550
21552
21558
21560
21562
21564
21566
21568
21570
21572
21574
21576
21582
21584
21590
21592
21594
21596
21598
21600
21602
21604
21606
21608
21678
21680
21682
21684
21686
21688
21690
21692
21694
21696
21698
21700
21702
21704
21706
21708
21710
21712
21714
21716
21717
21719
21721
21723
21724
21726
21728
21730
21732
21734
21736
21738
21740
21742
21744
21746
21748
21750
21752
21754
21756
21758
21760
21762
21764
21766
21768
21770
21772
21774
21776
21778
21780
21782
21784
21786
21788
21790
21792
21794
21796
21798
21800
21802
21804
21806
21808
21810
21812
21814
21816
21818
21820
21822
21824
21826
21828
21830
21832
21834
21836
21838
21840
21842
21844
21846
21848
21850
21852
21854
21856
21858
21860
21862
21864
21866
21868
21870
21872
21874
21876
21878
21880
21882
21884
21886
21888
21890
21892
21894
21896
21898
21900
21902
21904
21906
21908
21910
21912
21914
21916
21918
21920
21922
21924
21926
21928
21930
21932
21934
21936
21938
21940
21942
21944
21946
21948
21950
21952
21954
21956
21958
21960
21962
21964
21966
21968
21970
21972
21974
21976
21978
21980
21982
22048
22052
22054
22060
22062
22063
22065
22066
22068
22070
22072
22074
22076
22078
22082
22084
22085
22087
22089
22091
22092
22094
22164
22166
22172
22174
22176
22178
22179
22181
22183
22185
22186
22188
22194
22196
22202
22204
22206
22208
22209
22211
22213
22215
22217
22219
22221
22223
22225
22227
22228
22230
22232
22234
22236
22238
22240
22242
22244
22246
22248
22250
22252
22254
22256
22258
22260
22262
22264
22266
22268
22270
22272
22274
22276
22278
22280
22282
22284
22286
22288
22290
22292
22294
22296
22298
22300
22302
22304
22306
22308
22310
22312
22314
22316
22318
22320
22321
22323
22324
22326
22328
22330
22332
22334
22336
22337
22339
22341
22343
22345
22347
22349
22351
22353
22355
22357
22359
22361
22363
22365
22367
22369
22371
22373
22375
22377
22379
22381
22383
22385
22387
22389
22391
22393
22394
22396
22397
22399
22401
22403
22405
22407
22409
22410
22412
22414
22416
22418
22420
22422
22424
22426
22428
22430
22432
22433
22435
22437
22439
22440
22442
22444
22446
22448
22450
22452
22454
22456
22458
22460
22462
22464
22466
22468
22470
22472
22474
22476
22478
22480
22482
22484
22486
22488
22490
22492
22494
22496
22498
22500
22502
22504
22506
22508
22510
22512
22514
22516
22518
22520
22522
22524
22525
22527
22529
22530
22532
22534
22536
22538
22539
22541
22543
22545
22546
22548
22550
22551
22553
22554
22556
22558
22560
22562
22564
22566
22568
22570
22572
22574
22576
22578
22580
22582
22584
22586
22588
22590
22592
22594
22596
22598
22600
22602
22604
22606
22608
22610
22612
22614
22616
22618
22620
22622
22624
22626
22628
22630
22632
22634
22636
22638
22640
22642
22644
22646
22648
22650
22652
22654
22656
22658
22660
22662
22664
22666
22668
22670
22672
22674
22676
22678
22680
22682
22684
22686
22688
22690
22691
22693
22694
22696
22697
22699
22700
22702
22704
22706
22708
22710
22712
22714
22716
22718
22720
22722
22724
22726
22728
22730
22732
22734
22736
22738
22740
22742
22744
22746
22748
22750
22752
22754
22756
22758
22760
22762
22764
22766
22767
22769
22770
22772
22773
22775
22776
22778
22780
22782
22784
22786
22788
22790
22792
22794
22796
22798
22800
22802
22804
22806
22808
22810
22812
22814
22816
22818
22820
22822
22824
22826
22828
22830
22832
22834
22836
22838
22840
22842
22844
22846
22848
22850
22852
22854
22856
22858
22860
22862
22864
22866
22868
22870
22872
22874
22876
22878
22880
22882
22884
22886
22887
22889
22891
22893
22894
22896
22898
22900
22902
22904
22906
22908
22910
22912
22914
22916
22917
22919
22921
22922
22924
22926
22928
22930
22932
22934
22935
22937
22939
22941
22943
22944
22946
22948
22950
22951
22953
22955
22956
22958
22959
22961
22963
22965
22967
22969
22971
22973
22975
22977
22979
22981
22983
22985
22987
22989
22991
22993
22995
22997
22999
23001
23003
23005
23007
23009
23011
23013
23015
23017
23019
23021
23023
23025
23027
23029
23031
23033
23035
23037
23039
23041
23043
23045
23047
23049
23051
23053
23055
23057
23059
23061
23063
23065
23067
23069
23071
23073
23075
23077
23079
23081
23083
23085
23087
23089
23090
23092
23093
23095
23096
23098
23099
23101
23103
23105
23107
23109
23111
23113
23115
23117
23119
23121
23123
23125
23127
23129
23131
23133
23135
23136
23138
23140
23142
23144
23146
23148
23150
23152
23154
23156
23158
23160
23162
23164
23165
23167
23168
23170
23171
23173
23174
23242
23244
23250
23252
23254
23255
23257
23259
23260
23262
23264
23266
23272
23274
23280
23282
23284
23286
23288
23290
23292
23294
23296
23298
23366
23368
23373
23375
23376
23378
23380
23382
23384
23386
23388
23390
23396
23398
23404
23406
23408
23410
23412
23414
23416
23418
23420
23422
23423
23425
23426
23428
23430
23432
23433
23435
23437
23439
23440
23442
23444
23445
23447
23449
23451
23453
23455
23457
23459
23460
23462
23464
23466
23467
23468
23470
23472
23473
23474
23476
23478
23479
23481
23549
23551
23557
23559
23561
23563
23565
23567
23569
23571
23573
23575
23581
23583
23588
23590
23591
23593
23595
23597
23599
23601
23603
23605
23673
23675
23681
23683
23685
23687
23689
23691
23693
23695
23697
23699
23704
23706
23711
23713
23715
23717
23719
23721
23723
23725
23727
23728
23730
23732
23733
23734
23736
23738
23739
23741
23743
23745
23746
23748
23750
23752
23753
23755
23757
23759
23760
23762
23764
23766
23767
23769
23771
23773
23774
23776
23778
23780
23781
23783
23785
23787
23789
23791
23793
23795
23797
23799
23801
23803
23805
23807
23809
23811
23813
23815
23817
23819
23821
23823
23824
23826
23828
23829
23831
23833
23834
23836
23838
23840
23842
23844
23846
23848
23850
23852
23854
23855
23857
23859
23860
23862
23864
23866
23868
23870
23872
23874
23876
23878
23880
23882
23884
23886
23888
23890
23892
23894
23896
23898
23900
23902
23904
23906
23908
23910
23912
23914
23916
23918
23920
23922
23924
23925
23927
23929
23931
23933
23935
23937
23939
23941
23943
23945
23946
23948
23950
23951
23953
23955
23957
23959
23961
23963
23965
23967
23969
23971
23972
23974
23976
23977
23979
23981
23983
23985
23987
23989
23991
23993
23995
23997
23999
24001
24003
24005
24007
24009
24011
24013
24015
24017
24019
24021
24023
24025
24027
24029
24031
24033
24035
24037
24039
24041
24043
24045
24047
24049
24051
24053
24055
24057
24059
24060
24061
24062
24064
24065
24066
24068
24069
24071
24073
24074
24076
24078
24079
24081
24083
24084
24086
24088
24089
24091
24093
24094
24096
24098
24099
24101
24103
24105
24107
24109
24111
24113
24115
24117
24119
24121
24123
24125
24127
24128
24130
24131
24133
24134
24136
24137
24139
24141
24143
24145
24147
24149
24151
24153
24155
24157
24159
24161
24163
24165
24167
24169
24171
24173
24175
24177
24179
24181
24183
24185
24187
24189
24191
24193
24195
24197
24199
24201
24203
24205
24207
24209
24211
24213
24215
24217
24219
24221
24223
24225
24227
24229
24231
24233
24235
24236
24238
24240
24241
24243
24245
24246
24248
24250
24251
24253
24255
24257
24259
24261
24263
24265
24267
24269
24271
24273
24275
24277
24279
24281
24283
24285
24287
24289
24291
24293
24295
24297
24299
24301
24303
24305
24307
24309
24311
24313
24315
24317
24319
24321
24323
24325
24327
24329
24331
24333
24335
24337
24339
24341
24343
24345
24347
24349
24351
24353
24355
24357
24359
24360
24362
24363
24365
24366
24368
24369
24371
24373
24375
24377
24379
24381
24383
24385
24387
24389
24391
24393
24395
24397
24399
24401
24403
24405
24407
24409
24411
24413
24415
24417
24419
24421
24423
24425
24427
24429
24431
24433
24435
24436
24438
24439
24441
24442
24444
24445
24515
24517
24523
24525
24527
24529
24531
24533
24535
24537
24539
24541
24547
24549
24555
24557
24559
24561
24563
24565
24567
24569
24571
24573
24643
24645
24651
24653
24655
24657
24659
24661
24663
24665
24667
24669
24675
24677
24683
24685
24687
24689
24691
24693
24695
24697
24699
24701
24703
24705
24707
24708
24710
24712
24714
24715
24717
24719
24721
24722
24724
24726
24728
24729
24731
24733
24735
24736
24738
24740
24742
24743
24745
24747
24749
24750
24752
24754
24756
24757
24827
24829
24835
24837
24839
24841
24843
24845
24847
24849
24851
24853
24859
24861
24867
24869
24871
24873
24875
24877
24879
24881
24883
24885
24894
24896
24897
24899
24901
24903
24904
24906
24908
24910
24911
24913
24915
24916
24918
24919
24921
24922
24924
24925
24926
24928
24929
24931
24933
24934
24936
24938
24940
24942
24944
24946
24948
24950
24952
24954
24956
24958
24960
24962
24964
24966
24968
24970
24972
24974
24976
24978
24980
24982
24984
24986
24988
24990
24992
24994
24996
24998
25000
25002
25004
25006
25008
25010
25012
25014
25016
25018
25020
25022
25024
25026
25028
25030
25032
25034
25036
25038
25040
25042
25044
25046
25048
25050
25052
25054
25056
25058
25060
25062
25064
25066
25067
25069
25071
25072
25074
25076
25077
25079
25081
25083
25085
25087
25089
25091
25093
25095
25097
25099
25101
25103
25105
25107
25109
25111
25113
25115
25117
25119
25121
25123
25125
25127
25129
25131
25133
25135
25137
25139
25141
25143
25144
25146
25147
25148
25150
25151
25152
25154
25155
25157
25158
25160
25162
25163
25165
25167
25169
25171
25173
25175
25177
25179
25181
25183
25185
25187
25189
25191
25193
25195
25197
25199
25201
25203
25205
25207
25209
25211
25213
25215
25217
25218
25220
25221
25223
25224
25226
25227
25229
25231
25233
25235
25237
25239
25241
25243
25245
25247
25249
25251
25253
25255
25257
25259
25261
25263
25265
25267
25269
25271
25273
25275
25277
25279
25281
25283
25285
25287
25289
25291
25293
25295
25297
25299
25301
25303
25305
25307
25309
25310
25312
25313
25315
25316
25318
25320
25322
25324
25326
25328
25330
25332
25334
25336
25338
25340
25342
25344
25346
25348
25350
25352
25354
25356
25358
25360
25362
25364
25366
25368
25370
25372
25374
25376
25378
25380
25382
25383
25385
25386
25388
25389
25391
25392
25394
25395
25397
25398
25399
25400
25402
25403
25493
25494
25495
25496
25497
25498
25499
25500
25501
25514
25515
25516
25517
25518
25580
25581
25582
25583
25584
25585
25586
25587
25588
25589
25590
25591
25592
25593
25594
25595
25596
25597
25598
25599
25600
25601
25602
25603
25604
25605
25606
25607
25608
25609
25610
25611
25612
25613
25614
25615
25616
25617
25618
25619
25620
25621
25622
25623
25624
25625
25626
25627
25628
25629
25630
25631
25632
25633
25634
25635
25636
25637
25638
25639
25640
25641
25642
25643
25644
25645
25646
25647
25648
25649
25650
25651
25652
25653
25654
25655
25656
25657
25658
25659
25660
25661
25662
25665
25666
25668
25669
25670
25672
25673
25674
25680
25681
25682
25683
25684
25685
25686
25687
25688
25689
25690
25691
25692
25693
25694
25695
25696
25697
25698
25699
25700
25701
25702
25703
25704
25705
25706
25707
25708
25709
25710
25711
25712
25713
25714
25715
25716
25717
25718
25719
25720
25721
25722
25723
25724
25725
25726
25727
25728
25729
25730
25731
25732
25733
25734
25735
25736
25737
25738
25739
25740
25741
25742
25743
25744
25745
25746
25747
25748
25749
25750
25751
25752
25753
25754
25755
25756
25757
25758
25759
25760
25761
25762
25763
25764
25765
25766
25767
25768
25769
25770
25771
25772
25773
25774
25775
25776
25777
25778
25779
25780
25781
25782
25783
25784
25785
25786
25787
25788
25789
25790
25791
25792
25793
25794
25795
25796
25797
25798
25799
25800
25801
25802
25803
25804
25805
25806
25807
25808
25809
25810
25811
25812
25813
25814
25815
25816
25817
25818
25819
25820
25821
25822
25823
25824
25825
25826
25827
25828
25829
25830
25831
25832
25833
25834
25835
25836
25837
25838
25839
25840
25841
25842
25843
25844
25845
25846
25847
25848
25849
25850
25851
25852
25853
25854
25855
25856
25857
25858
25859
25860
25861
25862
25863
25864
25865
25866
28253
28259
28261
28265
28269
28271
28273
28275
28277
28441
28445
28447
28449
28451
28453
28457
28461
28463
28465
28467
28469
28505
28509
28511
28513
28515
28517
28521
28525
28527
28529
28531
28533
28603
28605
28611
28613
28615
28617
28619
28621
28623
28625
28627
28629
28635
28637
28643
28645
28647
28649
28651
28653
28655
28657
28659
28661
28731
28733
28739
28741
28743
28745
28747
28749
28751
28753
28755
28757
28763
28765
28771
28773
28775
28777
28779
28781
28783
28785
28787
28789
28791
28793
28795
28797
28799
28801
28803
28805
28807
28809
28811
28813
28815
28817
28819
28821
28823
28825
28827
28829
28831
28833
28835
28837
28839
28841
28843
28845
28847
28849
28851
28853
28855
28857
28859
28861
28863
28865
28867
28869
28871
28873
28875
28877
28879
28881
28883
28885
28887
28889
28891
28893
28895
28897
28899
28901
28903
28905
28907
28909
28911
28913
28915
28917
28919
28921
28923
28925
28927
28929
28931
28933
28935
28937
28939
28941
28943
28945
28947
28949
28951
28953
28955
28957
28959
28961
28963
28965
28967
28969
28971
28973
28975
28977
28979
28981
28983
28985
28987
28989
28991
28993
28995
28997
28999
29001
29003
29005
29007
29009
29011
29013
29015
29017
29019
29021
29023
29025
29027
29029
29031
29033
29035
29037
29039
29041
29043
29045
29209
29213
29215
29217
29219
29221
29225
29229
29231
29233
29235
29237
29273
29277
29279
29281
29283
29285
29289
29293
29295
29297
29299
29301
29408
29412
29414
29416
29418
29420
29424
29428
29430
29432
29434
29436
29445
29447
29448
29450
29452
29454
29456
29458
29460
29462
29464
29466
29468
29470
29472
29474
29476
29478
29480
29482
29484
29486
29488
29489
29491
29493
29495
29496
29498
29499
29501
29503
29505
29507
29509
29511
29513
29515
29517
29519
29520
29522
29524
29526
29528
29529
29531
29533
29535
29537
29539
29541
29543
29545
29547
29549
29551
29553
29555
29557
29559
29561
29563
29565
29567
29569
29571
29573
29575
29577
29579
29581
29583
29585
29587
29589
29591
29593
29595
29597
29599
29600
29602
29604
29605
29607
29609
29611
29613
29615
29617
29618
29620
29622
29624
29626
29628
29630
29632
29634
29636
29638
29640
29642
29643
29645
29647
29649
29650
29652
29654
29656
29658
29660
29662
29664
29666
29668
29670
29672
29673
29675
29676
29678
29680
29682
29684
29686
29688
29689
29691
29693
29695
29697
29698
29700
29702
29704
29705
29707
29709
29711
29713
29715
29717
29719
29721
29723
29725
29727
29729
29731
29733
29735
29737
29739
29741
29743
29745
29747
29749
29751
29753
29754
29756
29757
29759
29760
29762
29763
29765
29767
29769
29771
29773
29775
29777
29779
29781
29783
29785
29787
29789
29791
29793
29795
29797
29799
29801
29803
29805
29807
29809
29811
29813
29815
29817
29819
29821
29823
29825
29827
29829
29830
29832
29833
29835
29836
29838
29839
29841
29911
29913
29919
29921
29923
29925
29927
29929
29931
29933
29935
29937
29943
29945
29951
29953
29955
29957
29959
29961
29963
29965
29967
29969
30039
30041
30043
30045
30047
30049
30051
30053
30055
30057
30059
30061
30063
30065
30067
30069
30071
30072
30074
30076
30078
30080
30081
30083
30085
30086
30088
30090
30092
30094
30096
30098
30100
30102
30104
30106
30108
30110
30112
30114
30116
30118
30120
30122
30124
30126
30128
30130
30132
30134
30136
30138
30140
30142
30144
30146
30148
30150
30152
30154
30156
30158
30160
30162
30164
30166
30168
30170
30172
30174
30176
30178
30180
30182
30184
30186
30188
30190
30192
30194
30196
30198
30200
30202
30204
30206
30208
30210
30212
30214
30216
30218
30220
30222
30224
30226
30228
30230
30232
30234
30236
30238
30240
30242
30244
30246
30248
30250
30252
30254
30256
30258
30260
30262
30264
30266
30268
30270
30272
30274
30276
30278
30280
30282
30284
30286
30288
30290
30292
30294
30296
30298
30300
30302
30304
30306
30308
30310
30312
30314
30316
30318
30320
30322
30324
30326
30328
30330
30332
30334
30336
30338
30340
30342
30408
30412
30414
30420
30422
30424
30425
30427
30428
30430
30432
30434
30436
30438
30442
30444
30446
30447
30449
30451
30453
30454
30524
30526
30532
30534
30536
30538
30540
30541
30543
30545
30547
30548
30554
30556
30562
30564
30566
30568
30570
30572
30574
30576
30578
30580
30581
30583
30585
30587
30589
30591
30593
30595
30597
30599
30601
30603
30605
30607
30608
30610
30612
30614
30616
30618
30620
30622
30624
30626
30628
30630
30632
30634
30636
30638
30640
30642
30644
30646
30648
30650
30652
30654
30656
30658
30660
30662
30664
30666
30668
30670
30672
30674
30676
30678
30680
30682
30683
30685
30686
30688
30690
30692
30694
30696
30698
30700
30702
30704
30706
30708
30710
30712
30714
30716
30718
30720
30722
30723
30725
30727
30729
30731
30733
30735
30737
30739
30741
30743
30745
30747
30749
30751
30753
30755
30757
30758
30760
30762
30764
30766
30768
30769
30771
30773
30775
30777
30779
30781
30783
30785
30787
30789
30791
30793
30794
30796
30798
30799
30801
30803
30804
30806
30808
30810
30812
30814
30816
30818
30820
30822
30824
30826
30828
30830
30832
30834
30836
30838
30840
30842
30844
30846
30848
30850
30852
30854
30856
30858
30860
30862
30864
30866
30868
30870
30872
30874
30876
30878
30880
30882
30884
30886
30887
30889
30891
30893
30895
30897
30898
30900
30901
30903
30905
30907
30909
30910
30912
30914
30915
30917
30919
30921
30923
30925
30927
30929
30931
30933
30935
30937
30939
30941
30943
30945
30947
30949
30951
30953
30955
30957
30959
30961
30963
30965
30967
30969
30971
30973
30975
30977
30979
30981
30983
30985
30987
30989
30991
30993
30995
30997
30999
31001
31003
31005
31007
31009
31011
31013
31015
31017
31019
31021
31023
31025
31027
31029
31031
31033
31035
31037
31039
31041
31043
31045
31047
31049
31050
31052
31053
31055
31056
31058
31059
31061
31063
31065
31067
31069
31071
31073
31075
31077
31079
31081
31083
31085
31087
31089
31091
31093
31095
31097
31099
31101
31103
31105
31107
31109
31111
31113
31115
31117
31119
31121
31123
31125
31126
31128
31129
31131
31132
31134
31135
31137
31139
31141
31143
31145
31147
31149
31151
31153
31155
31157
31159
31161
31163
31165
31167
31169
31171
31173
31175
31177
31179
31181
31183
31185
31187
31189
31191
31193
31195
31197
31199
31201
31203
31205
31207
31209
31211
31213
31215
31217
31219
31221
31223
31225
31227
31229
31231
31233
31235
31237
31239
31241
31243
31245
31246
31248
31250
31252
31254
31255
31257
31259
31260
31262
31264
31266
31268
31270
31272
31274
31276
31278
31280
31281
31283
31284
31286
31288
31290
31292
31294
31296
31298
31300
31302
31303
31305
31306
31308
31310
31312
31314
31315
31317
31319
31320
31322
31324
31326
31328
31330
31332
31334
31336
31338
31340
31342
31344
31346
31348
31350
31352
31354
31356
31358
31360
31362
31364
31366
31368
31370
31372
31374
31376
31378
31380
31382
31384
31386
31388
31390
31392
31394
31396
31398
31400
31402
31404
31406
31408
31410
31412
31414
31416
31418
31420
31422
31424
31426
31428
31430
31432
31434
31436
31438
31440
31442
31444
31446
31448
31449
31451
31452
31454
31455
31457
31458
31460
31462
31464
31466
31468
31470
31472
31474
31476
31478
31480
31482
31484
31486
31488
31490
31492
31494
31495
31497
31499
31501
31503
31505
31507
31509
31511
31513
31515
31517
31519
31521
31523
31524
31526
31527
31529
31530
31532
31533
31535
31602
31604
31610
31612
31614
31616
31618
31619
31621
31623
31624
31626
31632
31634
31640
31642
31644
31646
31648
31650
31652
31654
31656
31658
31726
31728
31734
31735
31737
31739
31740
31742
31744
31746
31748
31750
31756
31758
31764
31766
31768
31770
31772
31774
31776
31778
31780
31782
31784
31785
31787
31788
31790
31792
31794
31795
31797
31799
31801
31802
31804
31806
31808
31810
31812
31814
31815
31817
31819
31821
31822
31824
31826
31828
31829
31831
31832
31834
31835
31837
31838
31840
31841
31909
31911
31917
31919
31921
31923
31925
31927
31929
31931
31933
31935
31941
31943
31949
31950
31952
31954
31955
31957
31959
31961
31963
31965
32033
32035
32041
32043
32045
32047
32049
32051
32053
32055
32057
32059
32065
32066
32071
32073
32075
32077
32079
32081
32083
32085
32087
32089
32091
32092
32094
32095
32097
32098
32100
32101
32103
32105
32107
32108
32110
32112
32114
32115
32117
32119
32121
32122
32124
32126
32128
32129
32131
32133
32135
32136
32138
32140
32142
32143
32145
32147
32149
32151
32153
32155
32157
32159
32161
32163
32165
32167
32169
32171
32173
32175
32177
32179
32181
32183
32185
32187
32188
32190
32192
32193
32195
32197
32199
32201
32203
32205
32207
32209
32211
32213
32214
32216
32218
32219
32221
32223
32225
32227
32229
32231
32233
32235
32237
32239
32241
32243
32245
32247
32249
32251
32253
32255
32257
32259
32261
32263
32265
32267
32268
32270
32272
32274
32276
32278
32280
32282
32284
32286
32288
32290
32292
32294
32296
32298
32300
32302
32304
32305
32307
32309
32310
32312
32314
32316
32318
32320
32322
32324
32326
32328
32330
32331
32333
32335
32336
32338
32340
32342
32344
32346
32348
32350
32352
32354
32356
32358
32360
32362
32364
32366
32368
32370
32372
32374
32376
32378
32380
32382
32384
32386
32388
32390
32392
32394
32396
32398
32400
32402
32404
32406
32408
32410
32412
32414
32416
32418
32419
32421
32422
32423
32424
32426
32427
32428
32430
32432
32433
32435
32437
32438
32440
32442
32443
32445
32447
32448
32450
32452
32453
32455
32457
32458
32460
32462
32464
32466
32468
32470
32472
32474
32476
32478
32480
32482
32484
32486
32487
32489
32490
32492
32493
32495
32496
32498
32500
32502
32504
32506
32508
32510
32512
32514
32516
32518
32520
32522
32524
32526
32528
32530
32532
32534
32536
32538
32540
32542
32544
32546
32548
32550
32552
32554
32556
32558
32560
32562
32564
32566
32568
32570
32572
32574
32576
32578
32580
32582
32584
32586
32588
32590
32592
32594
32595
32597
32599
32600
32602
32604
32605
32607
32609
32610
32612
32614
32616
32618
32620
32622
32624
32626
32628
32630
32632
32634
32636
32638
32640
32642
32644
32646
32648
32650
32652
32654
32656
32658
32660
32662
32664
32666
32668
32670
32672
32674
32676
32678
32680
32682
32684
32686
32688
32690
32692
32694
32696
32698
32700
32702
32704
32706
32708
32710
32712
32714
32716
32718
32719
32721
32722
32724
32725
32727
32728
32730
32732
32734
32736
32738
32740
32742
32744
32746
32748
32750
32752
32754
32756
32758
32760
32762
32764
32766
32768
32770
32772
32774
32776
32778
32780
32782
32784
32786
32788
32790
32792
32794
32795
32797
32798
32800
32801
32803
32804
32806
32876
32878
32884
32886
32888
32890
32892
32894
32896
32898
32900
32902
32908
32910
32916
32918
32920
32922
32924
32926
32928
32930
32932
32934
33004
33006
33012
33014
33016
33018
33020
33022
33024
33026
33028
33030
33036
33038
33044
33046
33048
33050
33052
33054
33056
33058
33060
33062
33064
33066
33067
33069
33071
33073
33074
33076
33078
33080
33081
33083
33085
33087
33088
33090
33092
33094
33095
33097
33099
33101
33102
33104
33106
33108
33109
33111
33113
33115
33116
33118
33188
33190
33196
33198
33200
33202
33204
33206
33208
33210
33212
33214
33220
33222
33228
33230
33232
33234
33236
33238
33240
33242
33244
33246
33255
33256
33258
33260
33262
33263
33265
33267
33269
33270
33272
33274
33276
33277
33278
33280
33282
33283
33284
33286
33287
33288
33290
33292
33293
33295
33297
33298
33300
33302
33304
33306
33308
33310
33312
33314
33316
33318
33320
33322
33324
33326
33328
33330
33332
33334
33336
33338
33340
33342
33344
33346
33348
33350
33352
33354
33356
33358
33360
33362
33364
33366
33368
33370
33372
33374
33376
33378
33380
33382
33384
33386
33388
33390
33392
33394
33396
33398
33400
33402
33404
33406
33408
33410
33412
33414
33416
33418
33420
33422
33424
33426
33428
33430
33431
33433
33435
33436
33438
33439
33441
33443
33445
33447
33449
33451
33453
33455
33457
33459
33461
33463
33465
33467
33469
33471
33473
33475
33477
33479
33481
33483
33485
33487
33489
33491
33493
33495
33497
33499
33501
33503
33505
33506
33508
33509
33510
33512
33513
33514
33516
33517
33519
33521
33522
33524
33526
33527
33529
33531
33533
33535
33537
33539
33541
33543
33545
33547
33549
33551
33553
33555
33557
33559
33561
33563
33565
33567
33569
33571
33573
33575
33577
33579
33580
33582
33583
33585
33586
33588
33589
33591
33593
33595
33597
33599
33601
33603
33605
33607
33609
33611
33613
33615
33617
33619
33621
33623
33625
33627
33629
33631
33633
33635
33637
33639
33641
33643
33645
33647
33649
33651
33653
33655
33657
33659
33661
33663
33665
33667
33669
33671
33672
33674
33675
33677
33679
33681
33683
33685
33687
33689
33691
33693
33695
33697
33699
33701
33703
33705
33707
33709
33711
33713
33715
33717
33719
33721
33723
33725
33727
33729
33731
33733
33735
33737
33739
33741
33742
33744
33745
33747
33748
33750
33751
33753
33754
33756
33757
33759
33760
33761
33763
33764
849
4232
-4253
4265
4268
4269
-4276
4289
4292
4293
-4365
4441
4444
4445
-4452
4465
4468
4469
-4541
4553
4556
4557
-4564
4577
4580
4581
-4653
4729
4732
4733
-4740
4753
4756
4757
-4829
4841
4844
4845
-4852
4865
4868
4869
-4941
4996
4999
5000
-5007
5020
5023
5024
-5096
5118
5121
5123
5124
-5133
5139
5147
-5200
5215
5218
5219
-5226
5239
5242
5243
-6105
-6106
6112
6115
6119
6120
-6121
6125
-6129
-6130
6134
-6199
6203
6205
6207
6210
6221
6224
6226
6227
-6297
6309
6312
6313
-6320
6333
6336
6337
-6409
7509
7512
7513
-7520
7533
7536
7537
-7609
7621
7624
7625
-7632
7645
7648
7649
-7721
7992
7993
-262
-1579
6845
6847
-6852
6860
-6985
6992
-6996
7004
-7041
7048
-7052
7060
-7225
7744
-7748
7756
-7793
7800
-7804
7812
-7977
7984
-7988
)


// ************************************************************************* //
