/*--------------------------------*- C++ -*----------------------------------*\
| =========                 |                                                 |
| \\      /  F ield         | OpenFOAM: The Open Source CFD Toolbox           |
|  \\    /   O peration     | Version:  2306                                  |
|   \\  /    A nd           | Website:  www.openfoam.com                      |
|    \\/     M anipulation  |                                                 |
\*---------------------------------------------------------------------------*/
FoamFile
{
    version     2.0;
    format      ascii;
    arch        "LSB;label=32;scalar=64";
    note        "nPoints:5160  nCells:2361  nFaces:9662  nInternalFaces:4504";
    class       labelList;
    location    "constant/polyMesh";
    object      neighbour;
}
// * * * * * * * * * * * * * * * * * * * * * * * * * * * * * * * * * * * * * //


4504
(
1
295
2
296
3
297
4
298
5
299
6
300
7
301
8
302
9
303
10
304
11
305
12
306
13
307
14
308
15
309
16
310
17
311
18
312
19
313
20
314
21
315
22
316
23
317
24
318
25
319
26
320
27
321
28
322
29
323
30
324
31
325
32
326
33
327
34
328
35
329
36
330
37
331
38
332
39
333
40
334
41
335
42
336
43
337
44
338
45
339
46
340
47
341
48
342
49
343
50
344
51
345
52
346
53
347
54
348
55
349
56
350
57
351
58
352
59
353
60
354
61
355
62
356
63
357
64
358
65
359
66
360
67
361
68
362
69
363
70
364
71
365
72
366
73
367
74
368
75
369
76
370
77
371
78
372
79
373
80
374
81
375
82
376
83
377
84
378
85
379
86
380
87
381
88
382
89
383
90
384
91
385
92
386
93
387
94
388
95
389
96
390
97
391
98
392
99
393
100
394
101
395
102
396
103
397
104
398
105
399
106
400
107
401
108
402
109
110
402
111
403
112
404
113
405
114
406
115
447
116
448
117
449
118
450
119
120
451
121
451
122
452
123
483
124
482
125
481
126
480
127
479
128
478
129
477
130
484
131
595
132
594
133
593
134
592
135
591
136
590
137
589
138
596
139
627
140
626
141
625
142
624
143
623
144
622
145
621
146
628
147
739
148
738
149
737
150
736
151
735
152
734
153
733
154
740
155
771
156
770
157
769
158
768
159
767
160
766
161
765
162
772
163
883
164
882
165
884
166
884
167
885
168
886
169
890
170
890
171
889
172
891
173
931
174
931
175
932
176
950
177
950
178
949
179
948
180
951
181
951
182
952
183
953
184
1375
185
1375
186
1374
187
1373
188
1385
189
1385
190
1384
191
1386
192
1388
193
1388
194
1389
195
1420
196
1421
197
1421
198
1422
199
1430
200
1430
201
1429
202
1428
203
1431
204
1431
205
1432
206
1473
207
1557
208
1557
209
1558
210
1560
211
1561
212
1563
213
1563
214
1564
215
1565
216
1566
217
1567
218
1568
219
1569
220
1571
221
1571
222
1572
223
1573
224
1574
225
1575
226
1576
227
1577
228
1579
229
1579
230
1580
231
1581
232
1582
233
1583
234
1584
235
1585
236
1587
237
1587
238
1588
239
1589
240
1590
241
1591
242
1592
243
1593
244
1594
245
1595
246
1596
247
1597
248
1598
249
1599
250
1600
251
1601
252
1602
253
1603
254
1604
255
1605
256
1606
257
1607
258
1608
259
1609
260
1610
261
1611
262
1612
263
1613
264
1614
265
1615
266
1616
267
1617
268
1618
269
1619
270
1620
271
1621
272
1622
273
1623
274
1624
275
1625
276
1626
277
1627
278
1628
279
1629
280
1630
281
1631
282
1632
283
1633
284
1634
285
1635
286
1636
287
1637
288
1638
289
1639
290
291
1639
292
1640
293
1657
294
1658
1659
296
2142
297
2139
298
2138
299
1999
300
1998
301
1995
302
1994
303
1983
304
1982
305
1979
306
1978
307
1967
308
1966
309
1963
310
1962
311
1951
312
1950
313
1947
314
1946
315
1211
316
1210
317
1207
318
1206
319
1195
320
1194
321
1191
322
1190
323
1179
324
1178
325
1175
326
1174
327
1163
328
1162
329
1159
330
1158
331
1019
332
1018
333
1015
334
1014
335
1003
336
1002
337
999
338
998
339
987
340
986
341
983
342
982
343
971
344
970
345
967
346
966
347
833
348
832
349
829
350
828
351
817
352
816
353
813
354
812
355
801
356
800
357
797
358
796
359
785
360
784
361
781
362
780
363
689
364
688
365
685
366
684
367
673
368
672
369
669
370
668
371
657
372
656
373
653
374
652
375
641
376
640
377
637
378
636
379
545
380
544
381
541
382
540
383
529
384
528
385
525
386
524
387
513
388
512
389
509
390
508
391
497
392
496
393
493
394
492
395
431
396
430
397
427
398
426
399
415
400
414
401
411
402
410
403
404
410
405
409
406
408
407
447
408
420
446
409
419
410
412
411
412
414
413
419
414
416
418
415
416
426
417
425
418
422
424
419
421
420
421
445
422
444
423
443
424
436
442
425
435
426
428
427
428
430
429
435
430
432
434
431
432
492
433
491
434
438
490
435
437
436
437
441
438
440
439
489
440
470
488
441
469
442
468
443
467
444
458
445
457
446
456
447
455
448
449
455
450
454
451
453
452
453
483
454
462
455
461
456
457
461
458
460
459
467
460
464
466
461
463
462
463
483
464
482
465
481
466
474
480
467
473
468
469
473
470
472
471
487
472
476
486
473
475
474
475
479
476
478
477
485
478
484
479
480
481
482
483
485
595
486
574
487
573
488
568
489
567
490
502
491
501
492
494
493
494
496
495
501
496
498
500
497
498
508
499
507
500
504
506
501
503
502
503
567
504
566
505
565
506
518
564
507
517
508
510
509
510
512
511
517
512
514
516
513
514
524
515
523
516
520
522
517
519
518
519
563
520
562
521
561
522
534
560
523
533
524
526
525
526
528
527
533
528
530
532
529
530
540
531
539
532
536
538
533
535
534
535
559
536
558
537
557
538
550
556
539
549
540
542
541
542
544
543
549
544
546
548
545
546
636
547
635
548
552
634
549
551
550
551
555
552
554
553
633
554
614
632
555
613
556
612
557
611
558
602
559
601
560
600
561
599
562
582
563
581
564
580
565
579
566
570
567
569
568
569
573
570
572
571
579
572
576
578
573
575
574
575
595
576
594
577
593
578
586
592
579
585
580
581
585
582
584
583
599
584
588
598
585
587
586
587
591
588
590
589
597
590
596
591
592
593
594
595
597
627
598
606
599
605
600
601
605
602
604
603
611
604
608
610
605
607
606
607
627
608
626
609
625
610
618
624
611
617
612
613
617
614
616
615
631
616
620
630
617
619
618
619
623
620
622
621
629
622
628
623
624
625
626
627
629
739
630
718
631
717
632
712
633
711
634
646
635
645
636
638
637
638
640
639
645
640
642
644
641
642
652
643
651
644
648
650
645
647
646
647
711
648
710
649
709
650
662
708
651
661
652
654
653
654
656
655
661
656
658
660
657
658
668
659
667
660
664
666
661
663
662
663
707
664
706
665
705
666
678
704
667
677
668
670
669
670
672
671
677
672
674
676
673
674
684
675
683
676
680
682
677
679
678
679
703
680
702
681
701
682
694
700
683
693
684
686
685
686
688
687
693
688
690
692
689
690
780
691
779
692
696
778
693
695
694
695
699
696
698
697
777
698
758
776
699
757
700
756
701
755
702
746
703
745
704
744
705
743
706
726
707
725
708
724
709
723
710
714
711
713
712
713
717
714
716
715
723
716
720
722
717
719
718
719
739
720
738
721
737
722
730
736
723
729
724
725
729
726
728
727
743
728
732
742
729
731
730
731
735
732
734
733
741
734
740
735
736
737
738
739
741
771
742
750
743
749
744
745
749
746
748
747
755
748
752
754
749
751
750
751
771
752
770
753
769
754
762
768
755
761
756
757
761
758
760
759
775
760
764
774
761
763
762
763
767
764
766
765
773
766
772
767
768
769
770
771
773
883
774
862
775
861
776
856
777
855
778
790
779
789
780
782
781
782
784
783
789
784
786
788
785
786
796
787
795
788
792
794
789
791
790
791
855
792
854
793
853
794
806
852
795
805
796
798
797
798
800
799
805
800
802
804
801
802
812
803
811
804
808
810
805
807
806
807
851
808
850
809
849
810
822
848
811
821
812
814
813
814
816
815
821
816
818
820
817
818
828
819
827
820
824
826
821
823
822
823
847
824
846
825
845
826
838
844
827
837
828
830
829
830
832
831
837
832
834
836
833
834
966
835
965
836
840
964
837
839
838
839
843
840
842
841
963
842
911
962
843
910
844
909
845
908
846
899
847
898
848
897
849
896
850
870
851
869
852
868
853
867
854
858
855
857
856
857
861
858
860
859
867
860
864
866
861
863
862
863
883
864
882
865
881
866
874
880
867
873
868
869
873
870
872
871
896
872
876
895
873
875
874
875
879
876
878
877
894
878
888
893
879
887
880
886
881
885
882
884
883
885
886
887
888
890
889
892
890
891
892
930
893
925
894
924
895
903
896
902
897
898
902
899
901
900
908
901
905
907
902
904
903
904
924
905
923
906
922
907
915
921
908
914
909
910
914
911
913
912
961
913
917
960
914
916
915
916
920
917
919
918
959
919
939
958
920
938
921
937
922
936
923
927
924
926
925
926
930
927
929
928
936
929
933
935
930
932
931
932
933
934
950
935
943
949
936
942
937
938
942
939
941
940
957
941
945
956
942
944
943
944
948
945
947
946
955
947
952
954
948
951
949
950
952
953
954
1370
955
1369
956
1076
957
1075
958
1070
959
1069
960
1048
961
1047
962
1042
963
1041
964
976
965
975
966
968
967
968
970
969
975
970
972
974
971
972
982
973
981
974
978
980
975
977
976
977
1041
978
1040
979
1039
980
992
1038
981
991
982
984
983
984
986
985
991
986
988
990
987
988
998
989
997
990
994
996
991
993
992
993
1037
994
1036
995
1035
996
1008
1034
997
1007
998
1000
999
1000
1002
1001
1007
1002
1004
1006
1003
1004
1014
1005
1013
1006
1010
1012
1007
1009
1008
1009
1033
1010
1032
1011
1031
1012
1024
1030
1013
1023
1014
1016
1015
1016
1018
1017
1023
1018
1020
1022
1019
1020
1158
1021
1157
1022
1026
1156
1023
1025
1024
1025
1029
1026
1028
1027
1155
1028
1112
1154
1029
1111
1030
1110
1031
1109
1032
1100
1033
1099
1034
1098
1035
1097
1036
1056
1037
1055
1038
1054
1039
1053
1040
1044
1041
1043
1042
1043
1047
1044
1046
1045
1053
1046
1050
1052
1047
1049
1048
1049
1069
1050
1068
1051
1067
1052
1060
1066
1053
1059
1054
1055
1059
1056
1058
1057
1097
1058
1062
1096
1059
1061
1060
1061
1065
1062
1064
1063
1095
1064
1084
1094
1065
1083
1066
1082
1067
1081
1068
1072
1069
1071
1070
1071
1075
1072
1074
1073
1081
1074
1078
1080
1075
1077
1076
1077
1369
1078
1368
1079
1367
1080
1088
1366
1081
1087
1082
1083
1087
1084
1086
1085
1093
1086
1090
1092
1087
1089
1088
1089
1365
1090
1364
1091
1363
1092
1132
1362
1093
1131
1094
1126
1095
1125
1096
1104
1097
1103
1098
1099
1103
1100
1102
1101
1109
1102
1106
1108
1103
1105
1104
1105
1125
1106
1124
1107
1123
1108
1116
1122
1109
1115
1110
1111
1115
1112
1114
1113
1153
1114
1118
1152
1115
1117
1116
1117
1121
1118
1120
1119
1151
1120
1140
1150
1121
1139
1122
1138
1123
1137
1124
1128
1125
1127
1126
1127
1131
1128
1130
1129
1137
1130
1134
1136
1131
1133
1132
1133
1361
1134
1360
1135
1359
1136
1144
1358
1137
1143
1138
1139
1143
1140
1142
1141
1149
1142
1146
1148
1143
1145
1144
1145
1357
1146
1356
1147
1355
1148
1268
1354
1149
1267
1150
1262
1151
1261
1152
1240
1153
1239
1154
1234
1155
1233
1156
1168
1157
1167
1158
1160
1159
1160
1162
1161
1167
1162
1164
1166
1163
1164
1174
1165
1173
1166
1170
1172
1167
1169
1168
1169
1233
1170
1232
1171
1231
1172
1184
1230
1173
1183
1174
1176
1175
1176
1178
1177
1183
1178
1180
1182
1179
1180
1190
1181
1189
1182
1186
1188
1183
1185
1184
1185
1229
1186
1228
1187
1227
1188
1200
1226
1189
1199
1190
1192
1191
1192
1194
1193
1199
1194
1196
1198
1195
1196
1206
1197
1205
1198
1202
1204
1199
1201
1200
1201
1225
1202
1224
1203
1223
1204
1216
1222
1205
1215
1206
1208
1207
1208
1210
1209
1215
1210
1212
1214
1211
1212
1946
1213
1945
1214
1218
1944
1215
1217
1216
1217
1221
1218
1220
1219
1943
1220
1304
1942
1221
1303
1222
1302
1223
1301
1224
1292
1225
1291
1226
1290
1227
1289
1228
1248
1229
1247
1230
1246
1231
1245
1232
1236
1233
1235
1234
1235
1239
1236
1238
1237
1245
1238
1242
1244
1239
1241
1240
1241
1261
1242
1260
1243
1259
1244
1252
1258
1245
1251
1246
1247
1251
1248
1250
1249
1289
1250
1254
1288
1251
1253
1252
1253
1257
1254
1256
1255
1287
1256
1276
1286
1257
1275
1258
1274
1259
1273
1260
1264
1261
1263
1262
1263
1267
1264
1266
1265
1273
1266
1270
1272
1267
1269
1268
1269
1353
1270
1352
1271
1351
1272
1280
1350
1273
1279
1274
1275
1279
1276
1278
1277
1285
1278
1282
1284
1279
1281
1280
1281
1349
1282
1348
1283
1347
1284
1324
1346
1285
1323
1286
1318
1287
1317
1288
1296
1289
1295
1290
1291
1295
1292
1294
1293
1301
1294
1298
1300
1295
1297
1296
1297
1317
1298
1316
1299
1315
1300
1308
1314
1301
1307
1302
1303
1307
1304
1306
1305
1941
1306
1310
1940
1307
1309
1308
1309
1313
1310
1312
1311
1939
1312
1332
1938
1313
1331
1314
1330
1315
1329
1316
1320
1317
1319
1318
1319
1323
1320
1322
1321
1329
1322
1326
1328
1323
1325
1324
1325
1345
1326
1344
1327
1343
1328
1336
1342
1329
1335
1330
1331
1335
1332
1334
1333
1937
1334
1338
1936
1335
1337
1336
1337
1341
1338
1340
1339
1935
1340
1509
1934
1341
1508
1342
1507
1343
1506
1344
1497
1345
1496
1346
1495
1347
1494
1348
1453
1349
1452
1350
1451
1351
1450
1352
1441
1353
1440
1354
1439
1355
1438
1356
1407
1357
1406
1358
1405
1359
1404
1360
1395
1361
1394
1362
1393
1363
1392
1364
1380
1365
1379
1366
1378
1367
1377
1368
1372
1369
1371
1370
1371
1375
1372
1374
1373
1377
1374
1376
1375
1377
1383
1385
1378
1379
1383
1380
1382
1381
1392
1382
1387
1391
1383
1386
1384
1385
1386
1387
1388
1390
1389
1390
1420
1391
1399
1392
1398
1393
1394
1398
1395
1397
1396
1404
1397
1401
1403
1398
1400
1399
1400
1420
1401
1419
1402
1418
1403
1411
1417
1404
1410
1405
1406
1410
1407
1409
1408
1438
1409
1413
1437
1410
1412
1411
1412
1416
1413
1415
1414
1436
1415
1426
1435
1416
1425
1417
1424
1418
1423
1419
1422
1420
1421
1422
1423
1424
1430
1425
1429
1426
1428
1427
1434
1428
1431
1433
1429
1430
1432
1433
1473
1434
1472
1435
1467
1436
1466
1437
1445
1438
1444
1439
1440
1444
1441
1443
1442
1450
1443
1447
1449
1444
1446
1445
1446
1466
1447
1465
1448
1464
1449
1457
1463
1450
1456
1451
1452
1456
1453
1455
1454
1494
1455
1459
1493
1456
1458
1457
1458
1462
1459
1461
1460
1492
1461
1481
1491
1462
1480
1463
1479
1464
1478
1465
1469
1466
1468
1467
1468
1472
1469
1471
1470
1478
1471
1475
1477
1472
1474
1473
1474
1475
1557
1476
1556
1477
1485
1555
1478
1484
1479
1480
1484
1481
1483
1482
1490
1483
1487
1489
1484
1486
1485
1486
1554
1487
1553
1488
1552
1489
1529
1551
1490
1528
1491
1523
1492
1522
1493
1501
1494
1500
1495
1496
1500
1497
1499
1498
1506
1499
1503
1505
1500
1502
1501
1502
1522
1503
1521
1504
1520
1505
1513
1519
1506
1512
1507
1508
1512
1509
1511
1510
1933
1511
1515
1932
1512
1514
1513
1514
1518
1515
1517
1516
1931
1517
1537
1930
1518
1536
1519
1535
1520
1534
1521
1525
1522
1524
1523
1524
1528
1525
1527
1526
1534
1527
1531
1533
1528
1530
1529
1530
1550
1531
1549
1532
1548
1533
1541
1547
1534
1540
1535
1536
1540
1537
1539
1538
1929
1539
1543
1928
1540
1542
1541
1542
1546
1543
1545
1544
1927
1545
1920
1926
1546
1919
1547
1918
1548
1917
1549
1912
1550
1911
1551
1910
1552
1909
1553
1903
1554
1902
1555
1901
1556
1900
1557
1558
1559
1900
1560
1897
1899
1561
1896
1562
1895
1563
1892
1894
1564
1565
1892
1566
1891
1567
1890
1568
1889
1569
1887
1570
1886
1571
1882
1883
1572
1573
1882
1574
1877
1575
1876
1576
1875
1577
1874
1578
1869
1579
1866
1868
1580
1581
1866
1582
1865
1583
1860
1584
1859
1585
1849
1586
1848
1587
1817
1847
1588
1589
1817
1590
1816
1591
1815
1592
1814
1593
1813
1594
1812
1595
1811
1596
1810
1597
1809
1598
1808
1599
1807
1600
1758
1601
1757
1602
1756
1603
1755
1604
1754
1605
1753
1606
1752
1607
1751
1608
1750
1609
1749
1610
1748
1611
1747
1612
1746
1613
1745
1614
1744
1615
1743
1616
1694
1617
1693
1618
1692
1619
1691
1620
1690
1621
1689
1622
1688
1623
1687
1624
1686
1625
1685
1626
1684
1627
1683
1628
1682
1629
1681
1630
1680
1631
1679
1632
1648
1633
1647
1634
1646
1635
1645
1636
1644
1637
1643
1638
1642
1639
1641
1640
1641
1657
1642
1656
1643
1655
1644
1654
1645
1653
1646
1652
1647
1651
1648
1650
1649
1679
1650
1672
1678
1651
1671
1652
1670
1653
1669
1654
1664
1655
1663
1656
1662
1657
1661
1658
1659
1661
1660
1661
1667
1662
1663
1667
1664
1666
1665
1669
1666
1668
1667
1669
1675
1670
1671
1675
1672
1674
1673
1677
1674
1676
1675
1677
1715
1678
1710
1679
1709
1680
1681
1709
1682
1708
1683
1707
1684
1706
1685
1705
1686
1704
1687
1703
1688
1702
1689
1701
1690
1700
1691
1699
1692
1698
1693
1697
1694
1696
1695
1743
1696
1736
1742
1697
1735
1698
1734
1699
1733
1700
1728
1701
1727
1702
1726
1703
1725
1704
1720
1705
1719
1706
1718
1707
1717
1708
1712
1709
1711
1710
1711
1715
1712
1714
1713
1717
1714
1716
1715
1717
1723
1718
1719
1723
1720
1722
1721
1725
1722
1724
1723
1725
1731
1726
1727
1731
1728
1730
1729
1733
1730
1732
1731
1733
1739
1734
1735
1739
1736
1738
1737
1741
1738
1740
1739
1741
1779
1742
1774
1743
1773
1744
1745
1773
1746
1772
1747
1771
1748
1770
1749
1769
1750
1768
1751
1767
1752
1766
1753
1765
1754
1764
1755
1763
1756
1762
1757
1761
1758
1760
1759
1807
1760
1800
1806
1761
1799
1762
1798
1763
1797
1764
1792
1765
1791
1766
1790
1767
1789
1768
1784
1769
1783
1770
1782
1771
1781
1772
1776
1773
1775
1774
1775
1779
1776
1778
1777
1781
1778
1780
1779
1781
1787
1782
1783
1787
1784
1786
1785
1789
1786
1788
1787
1789
1795
1790
1791
1795
1792
1794
1793
1797
1794
1796
1795
1797
1803
1798
1799
1803
1800
1802
1801
1805
1802
1804
1803
1805
1833
1806
1828
1807
1827
1808
1809
1827
1810
1826
1811
1825
1812
1824
1813
1823
1814
1822
1815
1821
1816
1820
1817
1819
1818
1819
1845
1847
1820
1844
1821
1843
1822
1838
1823
1837
1824
1836
1825
1835
1826
1830
1827
1829
1828
1829
1833
1830
1832
1831
1835
1832
1834
1833
1835
1841
1836
1837
1841
1838
1840
1839
1843
1840
1842
1841
1843
1855
1844
1845
1855
1846
1854
1847
1851
1853
1848
1849
1851
1850
1859
1851
1856
1858
1852
1853
1856
1854
1855
1857
1858
1862
1859
1861
1860
1861
1865
1862
1864
1863
1864
1872
1865
1867
1866
1867
1868
1872
1869
1871
1870
1874
1871
1873
1872
1874
1880
1875
1876
1880
1877
1879
1878
1882
1879
1881
1880
1882
1883
1884
1886
1885
1886
1888
1887
1888
1889
1890
1891
1892
1893
1894
1895
1896
1897
1898
1899
1907
1900
1906
1901
1902
1906
1903
1905
1904
1909
1905
1908
1906
1907
1909
1915
1910
1911
1915
1912
1914
1913
1917
1914
1916
1915
1917
1923
1918
1919
1923
1920
1922
1921
1925
1922
1924
1923
1925
2306
1926
2301
1927
2300
1928
2215
1929
2214
1930
2209
1931
2208
1932
2187
1933
2186
1934
2181
1935
2180
1936
2056
1937
2055
1938
2050
1939
2049
1940
2028
1941
2027
1942
2022
1943
2021
1944
1956
1945
1955
1946
1948
1947
1948
1950
1949
1955
1950
1952
1954
1951
1952
1962
1953
1961
1954
1958
1960
1955
1957
1956
1957
2021
1958
2020
1959
2019
1960
1972
2018
1961
1971
1962
1964
1963
1964
1966
1965
1971
1966
1968
1970
1967
1968
1978
1969
1977
1970
1974
1976
1971
1973
1972
1973
2017
1974
2016
1975
2015
1976
1988
2014
1977
1987
1978
1980
1979
1980
1982
1981
1987
1982
1984
1986
1983
1984
1994
1985
1993
1986
1990
1992
1987
1989
1988
1989
2013
1990
2012
1991
2011
1992
2004
2010
1993
2003
1994
1996
1995
1996
1998
1997
2003
1998
2000
2002
1999
2000
2138
2001
2137
2002
2006
2136
2003
2005
2004
2005
2009
2006
2008
2007
2135
2008
2092
2134
2009
2091
2010
2090
2011
2089
2012
2080
2013
2079
2014
2078
2015
2077
2016
2036
2017
2035
2018
2034
2019
2033
2020
2024
2021
2023
2022
2023
2027
2024
2026
2025
2033
2026
2030
2032
2027
2029
2028
2029
2049
2030
2048
2031
2047
2032
2040
2046
2033
2039
2034
2035
2039
2036
2038
2037
2077
2038
2042
2076
2039
2041
2040
2041
2045
2042
2044
2043
2075
2044
2064
2074
2045
2063
2046
2062
2047
2061
2048
2052
2049
2051
2050
2051
2055
2052
2054
2053
2061
2054
2058
2060
2055
2057
2056
2057
2180
2058
2179
2059
2178
2060
2068
2177
2061
2067
2062
2063
2067
2064
2066
2065
2073
2066
2070
2072
2067
2069
2068
2069
2176
2070
2175
2071
2174
2072
2112
2173
2073
2111
2074
2106
2075
2105
2076
2084
2077
2083
2078
2079
2083
2080
2082
2081
2089
2082
2086
2088
2083
2085
2084
2085
2105
2086
2104
2087
2103
2088
2096
2102
2089
2095
2090
2091
2095
2092
2094
2093
2133
2094
2098
2132
2095
2097
2096
2097
2101
2098
2100
2099
2131
2100
2120
2130
2101
2119
2102
2118
2103
2117
2104
2108
2105
2107
2106
2107
2111
2108
2110
2109
2117
2110
2114
2116
2111
2113
2112
2113
2172
2114
2171
2115
2170
2116
2124
2169
2117
2123
2118
2119
2123
2120
2122
2121
2129
2122
2126
2128
2123
2125
2124
2125
2168
2126
2167
2127
2166
2128
2161
2165
2129
2160
2130
2157
2131
2156
2132
2153
2133
2152
2134
2149
2135
2148
2136
2145
2137
2144
2138
2140
2139
2140
2142
2141
2144
2142
2143
2144
2146
2145
2146
2148
2147
2148
2150
2149
2150
2152
2151
2152
2154
2153
2154
2156
2155
2156
2158
2157
2158
2160
2159
2160
2162
2161
2162
2164
2163
2164
2342
2165
2341
2166
2340
2167
2251
2168
2250
2169
2249
2170
2248
2171
2239
2172
2238
2173
2237
2174
2236
2175
2195
2176
2194
2177
2193
2178
2192
2179
2183
2180
2182
2181
2182
2186
2183
2185
2184
2192
2185
2189
2191
2186
2188
2187
2188
2208
2189
2207
2190
2206
2191
2199
2205
2192
2198
2193
2194
2198
2195
2197
2196
2236
2197
2201
2235
2198
2200
2199
2200
2204
2201
2203
2202
2234
2203
2223
2233
2204
2222
2205
2221
2206
2220
2207
2211
2208
2210
2209
2210
2214
2211
2213
2212
2220
2213
2217
2219
2214
2216
2215
2216
2300
2217
2299
2218
2298
2219
2227
2297
2220
2226
2221
2222
2226
2223
2225
2224
2232
2225
2229
2231
2226
2228
2227
2228
2296
2229
2295
2230
2294
2231
2271
2293
2232
2270
2233
2265
2234
2264
2235
2243
2236
2242
2237
2238
2242
2239
2241
2240
2248
2241
2245
2247
2242
2244
2243
2244
2264
2245
2263
2246
2262
2247
2255
2261
2248
2254
2249
2250
2254
2251
2253
2252
2340
2253
2257
2339
2254
2256
2255
2256
2260
2257
2259
2258
2338
2259
2279
2337
2260
2278
2261
2277
2262
2276
2263
2267
2264
2266
2265
2266
2270
2267
2269
2268
2276
2269
2273
2275
2270
2272
2271
2272
2292
2273
2291
2274
2290
2275
2283
2289
2276
2282
2277
2278
2282
2279
2281
2280
2336
2281
2285
2335
2282
2284
2283
2284
2288
2285
2287
2286
2334
2287
2327
2333
2288
2326
2289
2325
2290
2324
2291
2319
2292
2318
2293
2317
2294
2316
2295
2311
2296
2310
2297
2309
2298
2308
2299
2303
2300
2302
2301
2302
2306
2303
2305
2304
2308
2305
2307
2306
2308
2314
2309
2310
2314
2311
2313
2312
2316
2313
2315
2314
2316
2322
2317
2318
2322
2319
2321
2320
2324
2321
2323
2322
2324
2330
2325
2326
2330
2327
2329
2328
2332
2329
2331
2330
2332
2360
2333
2357
2334
2356
2335
2353
2336
2352
2337
2349
2338
2348
2339
2345
2340
2344
2341
2342
2344
2343
2344
2346
2345
2346
2348
2347
2348
2350
2349
2350
2352
2351
2352
2354
2353
2354
2356
2355
2356
2358
2357
2358
2360
2359
2360
)


// ************************************************************************* //
